=== NBA 2023-24 Player Archetype Segmentation (Usage-based) ===

=== Trainierte Archetypen (Beispiele) ===
       PLAYER_NAME     Archetype
       A.J. Lawson         Other
          AJ Green       Shooter
        AJ Griffin         Other
      Aaron Gordon Rebounder/Big
     Aaron Holiday         Other
     Aaron Nesmith       Shooter
     Aaron Wiggins     Defensive
      Adam Flagler     Playmaker
      Adama Sanogo       Slasher
 Admiral Schofield Rebounder/Big
        Al Horford Rebounder/Big
        Alec Burks       Shooter
Aleksej Pokusevski        Anchor
       Alex Caruso       Shooter
        Alex Fudge        Anchor

=== Minuten pro Team & Archetyp ===
Archetype              Anchor  Defensive   Offensive  Offensive Playmaker       Other  Playmaker  Rebounder/Big    Shooter    Slasher    Two-Way
TEAM_ABBREVIATION                                                                                                                               
ATL                 49.280598   0.000000   36.040263             0.000000   70.625865   0.000000       0.000000  41.705574  35.671620  33.831184
BKN                 45.031048   0.000000   31.574795            25.524454   50.083397   0.000000       0.000000  69.047125  20.742652   0.000000
BOS                 61.374115   0.000000   70.305253             0.000000   58.224636   0.000000       0.000000  50.092041  34.252831   0.000000
CHA                 64.928107   0.000000   63.709091             0.000000   71.294638   0.000000       0.000000  38.429454   0.000000   0.000000
CHI                 46.475467  18.891188   33.111577             0.000000   52.758036  30.301812      30.237738  24.333237   0.000000   0.000000
CLE                 58.515510  18.497549   82.005451             0.000000   21.227994   0.000000       0.000000  72.378596   0.000000   0.000000
DAL                 54.951386   0.000000   51.995904             0.000000   86.528581  27.039051       0.000000  27.285671  27.812802   0.000000
DEN                 12.333958  24.348946   36.094726             0.000000   62.232605  13.595714       0.000000  54.962898  36.725214  27.897222
DET                 68.489337   0.000000   35.027810             0.000000   63.703694  28.063711       0.000000  55.799190   0.000000   0.000000
GSW                 59.787963   0.000000   32.177857             0.000000   49.103754   0.000000       0.000000  22.719370  71.044499   0.000000
HOU                102.371719   0.000000   49.099134            35.188306   30.097865   0.000000       0.000000  44.621661   0.000000   0.000000
IND                 30.189398   0.000000    0.000000            33.567009   74.293294  28.933385       0.000000  35.376220  32.664786  17.916878
LAC                 32.802208  24.093491   99.828121             0.000000   66.131535  21.954771       0.000000  24.956636   0.000000   0.000000
LAL                 19.512202   0.000000  105.224429             0.000000  115.158062   0.000000       0.000000  19.151218   0.000000   0.000000
MEM                 40.308198   0.000000   48.801802             0.000000   78.106146   0.000000      25.533051   0.000000  29.823671  21.302278
MIA                 77.237504  24.571982   66.095344             0.000000   51.033093  27.396126       0.000000  24.129662   0.000000   0.000000
MIL                 57.207099   0.000000   36.083966             0.000000   27.073250   0.000000      14.628234  48.314387  63.949657  19.760267
MIN                 33.172546  31.883049   36.342511             0.000000   65.833019  35.260384       0.000000  25.898925  32.254010   0.000000
NOP                 47.041606   0.000000   67.694013            24.391071   46.113961   0.000000      18.771212  23.580357   0.000000  32.649946
NYK                 55.473977  52.426966   35.395513            15.138565   61.923060   0.000000      37.621169  15.232000   0.000000   0.000000
OKC                 55.280325  19.271019    0.000000             0.000000   66.937218   0.000000       0.000000  50.876769  66.594898   0.000000
ORL                 61.630092   0.000000   60.601306             0.000000   22.008266   0.000000       0.000000  13.586034  68.102865  24.192222
PHI                 15.595690   0.000000   97.063924             0.000000   78.003630  17.395583      27.067667  19.704915   0.000000   0.000000
PHX                 39.607182  22.135975  105.910224             0.000000   19.059685  26.833539       0.000000  48.612035   0.000000   0.000000
POR                 49.896371   0.000000   80.739363             0.000000   47.745397  26.652601       0.000000  32.416738  30.015949   0.000000
SAC                 18.811893  24.352396   66.770341             0.000000   85.344733   0.000000      34.698238   0.000000  35.943052   0.000000
SAS                 58.459832   0.000000   36.147366             0.000000   27.195894  27.953211       0.000000  54.549806  50.561712  11.777701
TOR                 49.981754   0.000000   60.031454             0.000000   21.216058  19.557667       0.000000  74.218086  32.832769   0.000000
UTA                 30.005517   0.000000   59.370729             0.000000   21.192233  25.902911      21.132500  71.409927  30.512292   0.000000
WAS                 48.699540  26.502696   29.424804             0.000000   55.021921  29.973049       0.000000  46.264481   0.000000  22.788694

=== Regression: Siege ~ Archetyp-Minuten ===
Defensive              0.536633
Slasher                0.358862
Other                  0.282705
Offensive Playmaker    0.252946
Anchor                 0.239537
Shooter                0.146925
Offensive              0.142200
Two-Way               -0.100605
Rebounder/Big         -0.130102
Playmaker             -0.166382
Intercept: -10.077
R²: 0.4410, Adjusted R²: 0.1468
MAE: 7.9469, MSE: 96.3676, RMSE: 9.8167

