Cluster 4 - Alle Spieler:

 AGE  OFF_RATING_Advanced  DEF_RATING_Advanced  NET_RATING_Advanced  E_TOV_PCT_Advanced  EFG_PCT_Advanced  USG_PCT_Advanced  PACE_Advanced  PIE_Advanced  POSS_Advanced  USG_PCT_Usage  PCT_FGM_Usage  PCT_FG3M_Usage  PCT_FTM_Usage  PCT_OREB_Usage  PCT_DREB_Usage  PCT_AST_Usage  PCT_TOV_Usage  PCT_STL_Usage  PCT_BLK_Usage  PCT_PF_Usage  PCT_PFD_Usage  PCT_PTS_2PT_Scoring  PCT_PTS_2PT_MR_Scoring  PCT_PTS_3PT_Scoring  PCT_PTS_FB_Scoring  PCT_PTS_FT_Scoring  OPP_PTS_OFF_TOV_Defense  OPP_PTS_2ND_CHANCE_Defense  OPP_PTS_FB_Defense  OPP_PTS_PAINT_Defense  DEF_WS_Defense  DEF_WS_RAW_Defense
25.0                114.0                107.6                  6.4                 6.9             0.612             0.123         100.84         0.058           3487          0.123          0.127           0.301          0.037           0.071           0.126          0.127          0.090          0.141          0.048         0.252          0.078                0.100                   0.048                0.860               0.113               0.040                      545                         428                 483                   1578            7.28            7.275180
26.0                120.7                106.6                 14.2                 7.1             0.577             0.200         101.91         0.105           3698          0.200          0.213           0.240          0.124           0.214           0.176          0.133          0.166          0.156          0.098         0.143          0.106                0.492                   0.031                0.427               0.187               0.081                      430                         604                 407                   1630            8.17            8.166103
39.0                119.6                108.1                 11.5                 7.1             0.547             0.136          97.75         0.091           3381          0.136          0.135           0.172          0.069           0.212           0.240          0.139          0.123          0.159          0.283         0.153          0.066                0.301                   0.007                0.636               0.074               0.063                      408                         400                 464                   1602            7.03            7.025619
20.0                102.7                116.4                -13.7                 9.7             0.457             0.230         104.30         0.084           3939          0.230          0.220           0.195          0.207           0.334           0.246          0.170          0.200          0.140          0.474         0.202          0.204                0.509                   0.062                0.362               0.102               0.129                      713                         648                 675                   2038            3.38            3.377143
28.0                109.1                110.6                 -1.4                 6.5             0.570             0.150          99.23         0.072           3606          0.150          0.168           0.233          0.180           0.087           0.109          0.092          0.077          0.133          0.043         0.168          0.144                0.399                   0.089                0.435               0.286               0.166                      685                         481                 578                   1746            6.18            6.178281
25.0                115.5                110.2                  5.3                10.8             0.506             0.163         101.31         0.081           3967          0.163          0.145           0.097          0.164           0.107           0.141          0.278          0.233          0.231          0.052         0.215          0.178                0.600                   0.172                0.234               0.150               0.166                      581                         535                 480                   2004            6.82            6.820576
30.0                109.4                111.7                 -2.3                 8.2             0.526             0.238          99.96         0.105           3831          0.238          0.246           0.236          0.337           0.198           0.140          0.154          0.178          0.189          0.281         0.147          0.254                0.456                   0.072                0.362               0.108               0.182                      657                         475                 578                   1776            6.01            6.008112
21.0                106.2                107.1                 -0.9                12.8             0.473             0.190          97.83         0.084           3844          0.190          0.180           0.148          0.200           0.121           0.151          0.271          0.247          0.239          0.196         0.215          0.216                0.543                   0.046                0.253               0.175               0.204                      666                         458                 569                   1784            8.55            8.554260
32.0                113.3                112.9                  0.5                 8.3             0.536             0.301          98.83         0.179           3515          0.301          0.321           0.090          0.431           0.412           0.381          0.187          0.234          0.224          0.526         0.177          0.390                0.690                   0.125                0.083               0.080               0.227                      577                         513                 569                   1792            4.77            4.768830
20.0                104.5                118.3                -13.8                12.1             0.472             0.175         103.22         0.070           4183          0.175          0.166           0.116          0.212           0.225           0.151          0.195          0.191          0.240          0.186         0.169          0.189                0.550                   0.044                0.260               0.238               0.190                      849                         660                 702                   2208            2.55            2.547596
32.0                110.6                118.6                 -8.0                 9.4             0.571             0.219         100.02         0.093           3552          0.219          0.239           0.218          0.192           0.123           0.124          0.204          0.190          0.216          0.158         0.206          0.181                0.539                   0.124                0.339               0.102               0.122                      653                         453                 661                   1674            2.05            2.048149
22.0                111.6                105.1                  6.6                 7.8             0.537             0.177         100.36         0.114           3600          0.177          0.198           0.209          0.112           0.147           0.224          0.219          0.165          0.195          0.080         0.150          0.174                0.442                   0.088                0.462               0.143               0.096                      521                         438                 439                   1570            8.75            8.754895
21.0                109.9                119.5                 -9.6                12.6             0.590             0.208         103.21         0.087           3084          0.208          0.226           0.354          0.128           0.128           0.175          0.139          0.211          0.218          0.063         0.193          0.097                0.306                   0.062                0.610               0.120               0.084                      647                         518                 551                   1670            1.38            1.375901
32.0                112.3                110.1                  2.2                 8.8             0.546             0.196         100.82         0.085           3937          0.196          0.206           0.334          0.085           0.103           0.171          0.120          0.166          0.203          0.132         0.169          0.070                0.274                   0.039                0.668               0.198               0.058                      613                         510                 569                   1876            6.81            6.807498
33.0                112.3                119.4                 -7.1                 7.5             0.530             0.266         101.56         0.097           3874          0.266          0.273           0.357          0.201           0.095           0.141          0.225          0.199          0.143          0.108         0.172          0.201                0.462                   0.095                0.434               0.150               0.104                      696                         629                 663                   2026            1.82            1.816004
29.0                110.9                116.7                 -5.8                 8.7             0.582             0.224          97.41         0.124           3657          0.224          0.246           0.296          0.316           0.140           0.173          0.197          0.177          0.192          0.160         0.135          0.238                0.366                   0.062                0.446               0.158               0.188                      700                         485                 650                   1874            3.16            3.161258
30.0                120.5                113.4                  7.2                 7.9             0.556             0.191         103.21         0.094           3437          0.191          0.188           0.205          0.171           0.120           0.148          0.214          0.176          0.210          0.217         0.162          0.171                0.448                   0.021                0.410               0.186               0.142                      523                         505                 459                   1612            4.28            4.281111
21.0                117.2                107.1                 10.1                 8.0             0.550             0.124         101.87         0.075           3967          0.124          0.135           0.138          0.044           0.169           0.121          0.173          0.139          0.284          0.148         0.182          0.059                0.556                   0.025                0.391               0.158               0.053                      484                         594                 516                   1696            8.55            8.547653
26.0                110.4                117.9                 -7.5                11.4             0.543             0.264         101.38         0.106           3709          0.264          0.279           0.217          0.356           0.128           0.091          0.282          0.252          0.211          0.034         0.209          0.305                0.528                   0.062                0.285               0.134               0.187                      811                         544                 769                   1908            2.47            2.467687
26.0                108.7                117.1                 -8.5                 8.3             0.558             0.169         102.68         0.074           3433          0.169          0.189           0.263          0.132           0.101           0.130          0.117          0.116          0.115          0.090         0.144          0.097                0.383                   0.006                0.511               0.155               0.106                      684                         523                 571                   1646            2.61            2.611324
26.0                111.0                110.7                  0.3                12.7             0.557             0.135          98.76         0.069           4164          0.135          0.127           0.172          0.092           0.078           0.096          0.315          0.217          0.204          0.084         0.238          0.187                0.473                   0.024                0.429               0.189               0.098                      696                         565                 595                   2028            7.13            7.132313
27.0                115.9                113.9                  2.0                 7.8             0.573             0.221         104.77         0.101           3803          0.221          0.230           0.293          0.282           0.109           0.181          0.092          0.155          0.151          0.078         0.226          0.265                0.369                   0.074                0.433               0.118               0.198                      691                         539                 567                   1832            4.60            4.596195
28.0                115.5                108.7                  6.7                 8.6             0.593             0.160          99.72         0.076           3886          0.160          0.186           0.156          0.128           0.224           0.132          0.058          0.115          0.212          0.193         0.214          0.149                0.594                   0.010                0.300               0.236               0.106                      668                         460                 626                   1830            7.65            7.652842
24.0                111.9                118.1                 -6.2                 7.3             0.532             0.217         100.80         0.092           4163          0.217          0.230           0.276          0.145           0.076           0.169          0.161          0.155          0.243          0.147         0.157          0.141                0.453                   0.167                0.455               0.149               0.092                      741                         648                 622                   2158            2.66            2.657384
28.0                114.2                109.1                  5.1                10.5             0.568             0.188         100.17         0.100           3352          0.188          0.184           0.324          0.085           0.095           0.175          0.251          0.206          0.256          0.099         0.183          0.134                0.210                   0.008                0.722               0.109               0.068                      620                         486                 452                   1616            6.43            6.431759
32.0                119.1                110.3                  8.8                 9.3             0.597             0.123          98.14         0.060           3711          0.123          0.125           0.219          0.042           0.245           0.136          0.092          0.110          0.192          0.151         0.189          0.057                0.240                   0.007                0.705               0.124               0.055                      602                         549                 526                   1816            6.48            6.484204
35.0                115.4                108.8                  6.6                15.4             0.503             0.157         101.35         0.088           4186          0.157          0.126           0.120          0.138           0.165           0.251          0.299          0.293          0.244          0.332         0.296          0.218                0.444                   0.036                0.392               0.098               0.164                      674                         520                 579                   1814            8.11            8.110745
31.0                110.1                109.9                  0.2                 9.1             0.581             0.187          97.68         0.078           3661          0.187          0.196           0.360          0.088           0.056           0.121          0.171          0.168          0.142          0.047         0.216          0.102                0.245                   0.012                0.698               0.109               0.057                      612                         467                 537                   1784            6.56            6.563022
23.0                111.8                105.8                  6.0                 8.0             0.507             0.306          97.65         0.153           4116          0.306          0.319           0.232          0.346           0.127           0.214          0.281          0.251          0.194          0.085         0.174          0.289                0.598                   0.061                0.215               0.155               0.187                      636                         498                 569                   1848            9.93            9.934577
31.0                115.0                108.8                  6.2                 7.0             0.483             0.176          98.18         0.093           4316          0.176          0.158           0.289          0.144           0.052           0.133          0.332          0.161          0.251          0.121         0.168          0.130                0.303                   0.114                0.565               0.159               0.132                      597                         584                 517                   2112            8.39            8.385629
29.0                111.8                110.7                  1.1                 7.2             0.530             0.131         100.07         0.039           3190          0.131          0.133           0.235          0.026           0.067           0.070          0.125          0.094          0.217          0.090         0.259          0.073                0.257                   0.065                0.711               0.070               0.032                      535                         452                 529                   1572            5.34            5.342445
26.0                115.9                114.0                  1.9                 5.1             0.568             0.168         100.75         0.070           3972          0.168          0.173           0.307          0.105           0.066           0.111          0.089          0.089          0.254          0.027         0.168          0.094                0.250                   0.087                0.655               0.160               0.095                      611                         604                 599                   1942            4.79            4.788792
32.0                118.7                114.1                  4.7                 9.8             0.595             0.177         102.45         0.071           3633          0.177          0.184           0.295          0.072           0.127           0.196          0.109          0.185          0.103          0.093         0.285          0.087                0.306                   0.015                0.635               0.091               0.059                      523                         526                 498                   1660            4.18            4.176667
21.0                110.3                116.1                 -5.8                 9.3             0.498             0.209         101.36         0.071           3345          0.209          0.190           0.295          0.261           0.117           0.142          0.101          0.164          0.198          0.068         0.168          0.213                0.389                   0.098                0.440               0.183               0.171                      616                         489                 558                   1704            3.07            3.070049
29.0                114.7                118.0                 -3.3                10.0             0.600             0.169         100.84         0.084           3255          0.169          0.166           0.314          0.148           0.114           0.157          0.154          0.165          0.240          0.125         0.167          0.166                0.206                   0.006                0.657               0.119               0.137                      590                         444                 580                   1592            2.15            2.148296
29.0                113.5                116.7                 -3.2                10.1             0.593             0.163          97.28         0.092           3842          0.163          0.179           0.187          0.154           0.350           0.238          0.154          0.172          0.161          0.163         0.220          0.187                0.464                   0.008                0.406               0.124               0.130                      623                         590                 575                   2044            3.25            3.245833
28.0                111.8                110.4                  1.4                 9.4             0.572             0.111          97.33         0.057           3691          0.111          0.118           0.170          0.054           0.190           0.144          0.113          0.104          0.210          0.274         0.289          0.079                0.377                   0.021                0.559               0.146               0.064                      619                         493                 568                   1808            6.46            6.457508
20.0                108.3                118.6                -10.4                16.3             0.459             0.186         102.44         0.077           3927          0.186          0.152           0.081          0.161           0.077           0.161          0.461          0.323          0.250          0.096         0.200          0.190                0.624                   0.042                0.205               0.252               0.171                      806                         581                 686                   1982            2.21            2.211018
27.0                118.3                105.3                 13.0                11.3             0.581             0.165         101.56         0.138           3355          0.165          0.185           0.000          0.145           0.453           0.383          0.238          0.229          0.147          0.343         0.273          0.158                0.876                   0.025                0.000               0.038               0.124                      413                         459                 426                   1406            8.00            7.998845
25.0                119.9                104.1                 15.8                 4.9             0.604             0.166         102.23         0.089           3420          0.166          0.173           0.357          0.081           0.117           0.136          0.129          0.095          0.155          0.051         0.161          0.158                0.177                   0.040                0.762               0.134               0.061                      434                         518                 399                   1392            8.67            8.666962
25.0                116.4                109.6                  6.8                11.7             0.504             0.312         105.74         0.141           3346          0.312          0.283           0.216          0.419           0.082           0.154          0.430          0.371          0.210          0.075         0.163          0.371                0.545                   0.055                0.228               0.174               0.227                      618                         436                 506                   1516            5.84            5.841051
22.0                113.4                106.1                  7.3                 8.2             0.525             0.160         100.00         0.093           3569          0.160          0.165           0.221          0.172           0.200           0.230          0.075          0.122          0.096          0.232         0.185          0.169                0.430                   0.077                0.421               0.143               0.149                      581                         423                 500                   1686            8.27            8.274953
29.0                111.2                111.9                 -0.7                12.2             0.628             0.184         101.44         0.133           3557          0.184          0.238           0.003          0.186           0.462           0.304          0.151          0.203          0.228          0.428         0.250          0.209                0.879                   0.058                0.004               0.052               0.117                      662                         465                 519                   1696            5.30            5.302373
21.0                115.5                114.0                  1.5                13.6             0.692             0.161         101.29         0.140           4278          0.161          0.203           0.000          0.219           0.557           0.379          0.183          0.213          0.163          0.416         0.298          0.245                0.824                   0.007                0.000               0.142               0.176                      742                         562                 651                   2012            5.17            5.165056
24.0                106.9                113.7                 -6.7                 8.6             0.495             0.161          97.23         0.065           4122          0.161          0.157           0.210          0.193           0.158           0.155          0.137          0.122          0.120          0.029         0.190          0.153                0.331                   0.011                0.489               0.148               0.180                      812                         526                 656                   2038            5.30            5.300292
31.0                107.4                113.4                 -6.1                 8.0             0.467             0.192         100.41         0.070           3183          0.192          0.173           0.268          0.258           0.065           0.136          0.139          0.132          0.161          0.231         0.173          0.201                0.313                   0.059                0.479               0.130               0.208                      610                         477                 543                   1462            4.11            4.107496
35.0                115.9                109.6                  6.3                 6.5             0.531             0.203          98.95         0.145           3608          0.203          0.208           0.059          0.444           0.310           0.147          0.287          0.155          0.228          0.121         0.093          0.393                0.558                   0.064                0.100               0.150               0.342                      554                         453                 558                   1716            6.56            6.560623
33.0                109.2                118.8                 -9.6                12.2             0.557             0.222         101.28         0.147           3217          0.222          0.264           0.021          0.275           0.523           0.413          0.203          0.239          0.176          0.351         0.290          0.282                0.800                   0.112                0.028               0.012               0.172                      654                         452                 512                   1558            1.76            1.759132
24.0                105.3                114.2                 -8.9                11.1             0.543             0.115         100.08         0.043           3929          0.115          0.118           0.191          0.083           0.121           0.090          0.110          0.116          0.243          0.084         0.223          0.121                0.328                   0.047                0.575               0.186               0.097                      749                         516                 610                   1896            4.71            4.707538
35.0                116.6                107.7                  8.9                 8.3             0.538             0.156          99.38         0.088           3921          0.156          0.156           0.155          0.113           0.201           0.136          0.224          0.171          0.232          0.120         0.171          0.106                0.426                   0.052                0.472               0.114               0.102                      531                         513                 568                   1840            8.44            8.441315
24.0                112.3                114.5                 -2.1                 8.3             0.549             0.164         102.25         0.079           4125          0.164          0.163           0.301          0.129           0.151           0.189          0.094          0.136          0.183          0.144         0.167          0.080                0.240                   0.017                0.655               0.156               0.105                      682                         645                 676                   1970            4.68            4.680961
25.0                110.1                115.9                 -5.8                 7.3             0.538             0.207         102.06         0.103           3912          0.207          0.237           0.177          0.220           0.243           0.217          0.120          0.144          0.144          0.107         0.165          0.204                0.580                   0.002                0.267               0.185               0.153                      663                         659                 543                   1948            3.68            3.676708
29.0                110.7                116.4                 -5.7                 7.9             0.518             0.186          98.68         0.084           4266          0.186          0.203           0.133          0.184           0.226           0.219          0.109          0.139          0.214          0.168         0.214          0.205                0.611                   0.022                0.235               0.173               0.154                      733                         594                 700                   2172            3.81            3.811348
25.0                116.1                113.2                  3.0                10.2             0.639             0.125          99.07         0.073           3997          0.125          0.132           0.264          0.109           0.137           0.116          0.112          0.136          0.364          0.332         0.232          0.128                0.264                   0.030                0.626               0.233               0.110                      687                         498                 549                   1938            5.39            5.388435
23.0                104.1                114.4                -10.3                10.3             0.470             0.212          98.77         0.070           3954          0.212          0.204           0.236          0.175           0.156           0.189          0.173          0.188          0.261          0.171         0.250          0.163                0.422                   0.043                0.451               0.141               0.127                      793                         521                 627                   2012            4.74            4.737641
26.0                114.5                111.7                  2.8                 7.9             0.535             0.171         102.32         0.073           3581          0.171          0.169           0.272          0.061           0.082           0.147          0.154          0.140          0.240          0.154         0.194          0.070                0.367                   0.032                0.581               0.159               0.052                      640                         510                 423                   1744            5.26            5.255488
35.0                112.8                115.2                 -2.4                 7.7             0.535             0.214         100.53         0.083           4123          0.214          0.206           0.401          0.111           0.102           0.150          0.132          0.167          0.163          0.124         0.115          0.076                0.289                   0.135                0.645               0.133               0.066                      688                         647                 654                   2196            4.25            4.250602
31.0                113.8                106.0                  7.8                10.1             0.525             0.126          99.24         0.070           3675          0.126          0.123           0.166          0.025           0.150           0.161          0.216          0.139          0.328          0.173         0.308          0.056                0.494                   0.021                0.475               0.192               0.031                      676                         441                 559                   1688            8.66            8.661913
21.0                107.7                118.9                -11.3                12.4             0.576             0.184         102.46         0.103           3248          0.184          0.206           0.173          0.177           0.333           0.334          0.169          0.193          0.211          0.204         0.278          0.205                0.530                   0.014                0.335               0.114               0.135                      678                         477                 599                   1774            1.70            1.697501
29.0                105.8                116.1                -10.3                11.8             0.493             0.233         102.96         0.080           4158          0.233          0.230           0.188          0.191           0.150           0.229          0.153          0.243          0.124          0.118         0.166          0.217                0.568                   0.058                0.299               0.188               0.133                      752                         566                 729                   2028            3.80            3.804950
33.0                116.5                113.9                  2.6                 8.0             0.549             0.264          99.98         0.129           3768          0.264          0.277           0.284          0.299           0.139           0.148          0.245          0.213          0.218          0.099         0.145          0.240                0.491                   0.115                0.350               0.122               0.159                      648                         605                 512                   1924            4.57            4.566017
21.0                105.4                115.5                -10.1                11.4             0.476             0.156         102.70         0.058           3869          0.156          0.138           0.220          0.114           0.129           0.188          0.175          0.166          0.239          0.248         0.261          0.138                0.302                   0.024                0.580               0.181               0.118                      754                         599                 599                   1862            3.75            3.751603
23.0                112.7                116.5                 -3.9                10.3             0.494             0.342         101.33         0.127           3173          0.342          0.314           0.357          0.398           0.116           0.181          0.414          0.358          0.213          0.090         0.247          0.367                0.383                   0.056                0.454               0.108               0.163                      553                         410                 512                   1500            2.77            2.767743
26.0                120.4                107.3                 13.1                 6.5             0.578             0.133         101.75         0.063           4383          0.133          0.131           0.269          0.047           0.192           0.140          0.100          0.106          0.174          0.150         0.237          0.139                0.245                   0.045                0.709               0.143               0.046                      553                         636                 571                   1908            9.26            9.260193
26.0                119.6                110.5                  9.1                10.2             0.536             0.328         100.22         0.170           3696          0.328          0.291           0.312          0.448           0.102           0.299          0.397          0.369          0.285          0.121         0.188          0.413                0.403                   0.087                0.377               0.111               0.220                      605                         480                 607                   1702            6.31            6.310763
29.0                117.6                114.5                  3.1                 9.7             0.609             0.140         104.99         0.093           3228          0.140          0.146           0.245          0.099           0.098           0.143          0.237          0.149          0.196          0.030         0.098          0.079                0.323                   0.087                0.589               0.146               0.088                      641                         493                 567                   1528            3.54            3.535112
27.0                117.0                114.5                  2.5                10.3             0.513             0.236         101.33         0.099           4339          0.236          0.219           0.262          0.196           0.060           0.154          0.310          0.277          0.186          0.204         0.194          0.186                0.489                   0.066                0.373               0.166               0.138                      700                         592                 560                   2074            4.98            4.983398
20.0                110.4                112.1                 -1.7                 9.8             0.541             0.181         105.38         0.079           3328          0.181          0.186           0.210          0.174           0.168           0.194          0.087          0.153          0.134          0.419         0.236          0.155                0.453                   0.015                0.419               0.188               0.128                      602                         476                 489                   1624            4.67            4.669001
37.0                115.5                109.0                  6.5                 8.3             0.535             0.141          97.92         0.092           3596          0.141          0.125           0.229          0.135           0.081           0.124          0.323          0.145          0.264          0.076         0.171          0.144                0.206                   0.017                0.655               0.098               0.139                      591                         450                 543                   1724            6.90            6.903315
27.0                108.2                113.6                 -5.5                 8.6             0.495             0.273         100.58         0.135           4239          0.273          0.277           0.262          0.334           0.150           0.282          0.229          0.220          0.149          0.232         0.121          0.240                0.505                   0.026                0.325               0.096               0.170                      771                         571                 713                   2068            5.45            5.449885
24.0                116.8                109.7                  7.1                 5.1             0.511             0.162          99.20         0.077           3283          0.162          0.156           0.244          0.101           0.126           0.108          0.213          0.104          0.221          0.113         0.184          0.120                0.350                   0.141                0.565               0.159               0.085                      506                         411                 462                   1580            6.05            6.048016
23.0                113.2                108.9                  4.3                 7.0             0.544             0.170         100.74         0.076           3454          0.170          0.177           0.236          0.178           0.129           0.123          0.095          0.117          0.173          0.207         0.177          0.158                0.331                   0.014                0.522               0.160               0.147                      540                         398                 502                   1492            6.64            6.643351
27.0                111.5                114.7                 -3.2                10.2             0.551             0.197         101.27         0.105           4046          0.197          0.219           0.133          0.174           0.205           0.195          0.209          0.200          0.224          0.057         0.164          0.154                0.661                   0.050                0.197               0.165               0.142                      711                         643                 596                   2202            4.49            4.493231
26.0                103.6                116.2                -12.6                 9.9             0.568             0.166          97.38         0.115           3811          0.166          0.222           0.010          0.137           0.382           0.304          0.166          0.142          0.205          0.541         0.196          0.246                0.870                   0.033                0.021               0.116               0.109                      795                         484                 709                   1966            3.56            3.559702
26.0                115.1                108.5                  6.6                10.0             0.553             0.155          99.57         0.081           4294          0.155          0.153           0.209          0.126           0.118           0.151          0.198          0.163          0.149          0.163         0.169          0.170                0.334                   0.044                0.547               0.132               0.119                      727                         624                 540                   2052            8.63            8.631318
32.0                116.2                107.4                  8.8                 8.3             0.578             0.255          99.69         0.110           4063          0.255          0.261           0.357          0.299           0.051           0.122          0.114          0.181          0.188          0.051         0.157          0.269                0.426                   0.043                0.411               0.192               0.163                      701                         476                 603                   1858            8.75            8.745023
27.0                113.6                116.1                 -2.6                 8.0             0.621             0.191         103.97         0.115           3350          0.191          0.223           0.252          0.168           0.185           0.263          0.133          0.154          0.176          0.151         0.173          0.155                0.497                   0.014                0.396               0.184               0.107                      556                         437                 515                   1806            3.03            3.026352
25.0                106.4                112.2                 -5.7                 7.6             0.593             0.144         101.93         0.081           3691          0.144          0.179           0.248          0.061           0.155           0.149          0.095          0.095          0.209          0.196         0.161          0.074                0.495                   0.018                0.454               0.241               0.051                      705                         531                 583                   1772            5.34            5.336050
26.0                114.2                113.2                  1.1                11.8             0.521             0.198         101.66         0.097           3889          0.198          0.184           0.181          0.213           0.196           0.276          0.130          0.216          0.212          0.247         0.180          0.221                0.502                   0.029                0.327               0.141               0.171                      655                         560                 609                   1978            5.12            5.117029
22.0                109.1                109.6                 -0.6                 9.5             0.500             0.330          97.29         0.157           3204          0.330          0.330           0.238          0.440           0.142           0.284          0.304          0.305          0.133          0.167         0.150          0.388                0.546                   0.153                0.219               0.145               0.235                      559                         408                 481                   1524            5.99            5.994010
23.0                108.7                113.5                 -4.8                11.3             0.490             0.165         105.94         0.062           3473          0.165          0.149           0.194          0.114           0.138           0.165          0.133          0.173          0.181          0.232         0.159          0.123                0.385                   0.046                0.509               0.085               0.106                      631                         490                 476                   1826            4.28            4.275618
22.0                113.9                113.9                  0.0                 8.8             0.533             0.138         101.83         0.066           3501          0.138          0.136           0.126          0.155           0.132           0.158          0.093          0.113          0.170          0.451         0.192          0.144                0.566                   0.011                0.261               0.294               0.173                      624                         520                 601                   1722            4.26            4.262941
25.0                111.9                118.1                 -6.2                11.0             0.565             0.218         100.70         0.105           4223          0.218          0.225           0.297          0.213           0.129           0.203          0.227          0.242          0.228          0.099         0.176          0.217                0.407                   0.068                0.445               0.174               0.148                      741                         675                 671                   2146            2.77            2.769047
25.0                110.1                113.4                 -3.4                10.4             0.523             0.281         102.74         0.121           3998          0.281          0.273           0.242          0.333           0.135           0.239          0.275          0.277          0.156          0.115         0.170          0.330                0.577                   0.028                0.262               0.219               0.161                      717                         559                 609                   1914            5.11            5.109170
32.0                112.1                116.4                 -4.2                 8.0             0.580             0.151         100.27         0.085           3840          0.151          0.159           0.308          0.027           0.155           0.241          0.159          0.129          0.231          0.185         0.216          0.042                0.182                   0.009                0.790               0.162               0.028                      665                         546                 649                   1940            3.44            3.437625
27.0                114.8                110.9                  3.9                 6.5             0.597             0.156          99.44         0.086           3875          0.156          0.181           0.202          0.124           0.223           0.164          0.080          0.093          0.158          0.149         0.163          0.112                0.493                   0.052                0.395               0.156               0.112                      614                         531                 610                   1890            6.42            6.419158
24.0                116.1                112.6                  3.5                 7.5             0.576             0.179         105.41         0.121           3654          0.179          0.199           0.233          0.111           0.216           0.278          0.179          0.135          0.165          0.169         0.110          0.125                0.476                   0.032                0.444               0.138               0.080                      673                         521                 615                   1720            4.90            4.895784
21.0                112.5                113.7                 -1.3                13.7             0.496             0.220         100.99         0.084           3705          0.220          0.190           0.221          0.236           0.101           0.131          0.372          0.293          0.217          0.072         0.245          0.256                0.435                   0.057                0.376               0.115               0.189                      755                         566                 601                   1770            4.61            4.607441
24.0                111.0                109.7                  1.3                12.0             0.553             0.188         105.60         0.106           3700          0.188          0.188           0.181          0.202           0.151           0.163          0.347          0.249          0.299          0.149         0.269          0.262                0.508                   0.015                0.335               0.182               0.157                      667                         526                 545                   1628            6.43            6.430536
31.0                107.3                112.3                 -4.9                 8.4             0.462             0.195          99.13         0.078           3437          0.195          0.184           0.200          0.169           0.126           0.164          0.195          0.174          0.130          0.109         0.130          0.166                0.462                   0.082                0.402               0.169               0.136                      556                         429                 565                   1626            5.08            5.076061
25.0                109.0                118.7                 -9.7                 8.4             0.548             0.229         102.03         0.110           3941          0.229          0.242           0.342          0.300           0.102           0.182          0.189          0.184          0.173          0.188         0.162          0.276                0.397                   0.028                0.422               0.196               0.181                      729                         621                 734                   2038            2.20            2.198618
24.0                106.1                110.3                 -4.2                 8.2             0.495             0.149          96.97         0.074           3295          0.149          0.156           0.209          0.098           0.189           0.171          0.143          0.116          0.111          0.090         0.144          0.085                0.447                   0.034                0.450               0.176               0.103                      628                         406                 465                   1614            5.83            5.834180
24.0                113.8                117.4                 -3.5                 7.5             0.511             0.293          98.34         0.127           4024          0.293          0.294           0.291          0.327           0.038           0.138          0.337          0.242          0.228          0.130         0.149          0.277                0.462                   0.061                0.353               0.178               0.185                      644                         589                 646                   2062            3.03            3.032082
21.0                112.5                110.0                  2.6                11.9             0.559             0.300         100.98         0.168           3222          0.300          0.309           0.300          0.311           0.265           0.389          0.176          0.338          0.214          0.749         0.230          0.391                0.477                   0.102                0.382               0.102               0.141                      528                         473                 494                   1444            5.62            5.618226
23.0                109.2                118.3                 -9.1                12.9             0.671             0.133         100.80         0.127           3656          0.133          0.192           0.012          0.130           0.527           0.346          0.106          0.132          0.176          0.687         0.209          0.188                0.849                   0.000                0.028               0.084               0.123                      826                         564                 763                   1792            2.23            2.231559
26.0                107.8                107.8                  0.0                 9.9             0.498             0.159          97.19         0.099           3554          0.159          0.164           0.090          0.192           0.376           0.295          0.160          0.151          0.160          0.233         0.274          0.237                0.612                   0.071                0.180               0.031               0.208                      600                         413                 510                   1726            7.58            7.583784
21.0                107.8                120.5                -12.7                10.8             0.547             0.141          99.85         0.090           4069          0.141          0.164           0.000          0.195           0.478           0.279          0.097          0.134          0.109          0.462         0.219          0.232                0.809                   0.012                0.000               0.068               0.191                      812                         660                 779                   2214            1.29            1.286178
20.0                112.3                115.0                 -2.7                 8.9             0.537             0.203         104.57         0.071           4011          0.203          0.208           0.236          0.191           0.183           0.147          0.078          0.148          0.131          0.189         0.204          0.167                0.499                   0.034                0.389               0.254               0.112                      766                         508                 697                   2020            4.13            4.125520
23.0                106.5                116.2                 -9.7                 9.2             0.511             0.179          97.77         0.081           3128          0.179          0.180           0.247          0.189           0.181           0.238          0.107          0.148          0.244          0.184         0.229          0.188                0.351                   0.016                0.489               0.220               0.160                      592                         415                 544                   1610            2.96            2.959946

--- Medianwerte ---
AGE: 26.0
OFF_RATING_Advanced: 112.3
DEF_RATING_Advanced: 113.4
NET_RATING_Advanced: -0.6
E_TOV_PCT_Advanced: 9.1
EFG_PCT_Advanced: 0.543
USG_PCT_Advanced: 0.181
PACE_Advanced: 100.8
PIE_Advanced: 0.088
POSS_Advanced: 3705.0
USG_PCT_Usage: 0.181
PCT_FGM_Usage: 0.186
PCT_FG3M_Usage: 0.229
PCT_FTM_Usage: 0.169
PCT_OREB_Usage: 0.139
PCT_DREB_Usage: 0.164
PCT_AST_Usage: 0.166
PCT_TOV_Usage: 0.166
PCT_STL_Usage: 0.198
PCT_BLK_Usage: 0.149
PCT_PF_Usage: 0.183
PCT_PFD_Usage: 0.17
PCT_PTS_2PT_Scoring: 0.453
PCT_PTS_2PT_MR_Scoring: 0.043
PCT_PTS_3PT_Scoring: 0.422
PCT_PTS_FB_Scoring: 0.149
PCT_PTS_FT_Scoring: 0.132
OPP_PTS_OFF_TOV_Defense: 648.0
OPP_PTS_2ND_CHANCE_Defense: 516.0
OPP_PTS_FB_Defense: 569.0
OPP_PTS_PAINT_Defense: 1806.0
DEF_WS_Defense: 5.08
DEF_WS_RAW_Defense: 5.07606134899313
