Cluster 2 - Alle Spieler:

 USG_PCT  PCT_FGM  PCT_FG3M  PCT_FTM  PCT_OREB  PCT_DREB  PCT_AST  PCT_TOV  PCT_STL  PCT_BLK  PCT_PF  PCT_PFD  PCT_PTS
   0.285    0.225     0.278    0.435     0.052     0.110    0.516    0.411    0.163    0.041   0.132    0.366    0.265
   0.228    0.202     0.295    0.219     0.060     0.145    0.362    0.249    0.215    0.140   0.215    0.226    0.215
   0.224    0.246     0.296    0.316     0.140     0.173    0.197    0.177    0.192    0.160   0.135    0.238    0.264
   0.226    0.232     0.127    0.292     0.161     0.205    0.256    0.285    0.196    0.130   0.231    0.287    0.229
   0.301    0.290     0.251    0.419     0.080     0.313    0.307    0.332    0.197    0.127   0.182    0.331    0.301
   0.282    0.270     0.147    0.337     0.172     0.185    0.233    0.316    0.240    0.074   0.210    0.349    0.261
   0.273    0.277     0.262    0.334     0.150     0.282    0.229    0.220    0.149    0.232   0.121    0.240    0.284
   0.342    0.314     0.357    0.398     0.116     0.181    0.414    0.358    0.213    0.090   0.247    0.367    0.331
   0.237    0.233     0.276    0.328     0.053     0.138    0.226    0.236    0.179    0.070   0.173    0.304    0.252
   0.214    0.192     0.156    0.263     0.286     0.281    0.378    0.306    0.253    0.222   0.167    0.253    0.196
   0.265    0.253     0.281    0.263     0.089     0.104    0.354    0.294    0.224    0.060   0.164    0.243    0.258
   0.298    0.283     0.311    0.369     0.111     0.169    0.279    0.261    0.235    0.079   0.165    0.314    0.299
   0.229    0.245     0.249    0.253     0.152     0.128    0.298    0.253    0.311    0.026   0.188    0.219    0.246
   0.221    0.230     0.293    0.282     0.109     0.181    0.092    0.155    0.151    0.078   0.226    0.265    0.247
   0.175    0.157     0.206    0.239     0.046     0.131    0.317    0.161    0.216    0.077   0.156    0.238    0.175
   0.244    0.234     0.344    0.173     0.049     0.130    0.185    0.278    0.181    0.062   0.249    0.178    0.236
   0.230    0.191     0.195    0.190     0.209     0.182    0.338    0.364    0.289    0.164   0.232    0.197    0.191
   0.285    0.304     0.209    0.346     0.332     0.377    0.390    0.330    0.295    0.194   0.183    0.395    0.301
   0.235    0.227     0.247    0.249     0.081     0.127    0.260    0.216    0.238    0.144   0.156    0.227    0.232
   0.211    0.193     0.201    0.227     0.058     0.125    0.353    0.234    0.210    0.056   0.192    0.232    0.199
   0.323    0.305     0.241    0.359     0.099     0.213    0.466    0.404    0.172    0.199   0.188    0.297    0.306
   0.286    0.276     0.408    0.343     0.070     0.175    0.285    0.299    0.176    0.140   0.104    0.291    0.303
   0.203    0.208     0.059    0.444     0.310     0.147    0.287    0.155    0.228    0.121   0.093    0.393    0.231
   0.267    0.256     0.340    0.290     0.056     0.180    0.221    0.264    0.153    0.103   0.123    0.231    0.270
   0.226    0.249     0.043    0.124     0.171     0.160    0.416    0.263    0.332    0.138   0.140    0.181    0.211
   0.237    0.266     0.181    0.262     0.284     0.233    0.168    0.169    0.153    0.155   0.197    0.270    0.256
   0.210    0.214     0.290    0.217     0.094     0.132    0.438    0.196    0.264    0.168   0.102    0.184    0.224
   0.222    0.206     0.174    0.337     0.210     0.199    0.110    0.220    0.131    0.097   0.194    0.281    0.223
   0.286    0.220     0.320    0.478     0.090     0.207    0.463    0.398    0.220    0.214   0.156    0.352    0.272
   0.255    0.261     0.357    0.299     0.051     0.122    0.114    0.181    0.188    0.051   0.157    0.269    0.277
   0.230    0.215     0.276    0.309     0.129     0.152    0.294    0.247    0.201    0.097   0.173    0.302    0.238
   0.291    0.309     0.226    0.286     0.155     0.285    0.424    0.363    0.186    0.171   0.117    0.274    0.296
   0.328    0.291     0.312    0.448     0.102     0.299    0.397    0.369    0.285    0.121   0.188    0.413    0.318
   0.188    0.188     0.181    0.202     0.151     0.163    0.347    0.249    0.299    0.149   0.269    0.262    0.190
   0.274    0.290     0.249    0.333     0.159     0.199    0.120    0.220    0.229    0.409   0.260    0.330    0.293
   0.238    0.233     0.266    0.205     0.152     0.197    0.323    0.303    0.217    0.193   0.270    0.200    0.232
   0.271    0.280     0.315    0.319     0.064     0.195    0.284    0.260    0.151    0.077   0.100    0.242    0.290
   0.238    0.246     0.236    0.337     0.198     0.140    0.154    0.178    0.189    0.281   0.147    0.254    0.257
   0.248    0.240     0.152    0.224     0.158     0.220    0.368    0.298    0.298    0.089   0.205    0.254    0.228
   0.346    0.383     0.022    0.497     0.375     0.387    0.342    0.342    0.169    0.333   0.181    0.519    0.359
   0.269    0.244     0.316    0.440     0.079     0.156    0.375    0.288    0.249    0.048   0.122    0.339    0.285
   0.307    0.296     0.356    0.392     0.093     0.197    0.241    0.293    0.199    0.167   0.142    0.300    0.318
   0.246    0.243     0.157    0.329     0.286     0.224    0.274    0.292    0.134    0.072   0.213    0.286    0.245
   0.266    0.273     0.357    0.201     0.095     0.141    0.225    0.199    0.143    0.108   0.172    0.201    0.272
   0.229    0.242     0.342    0.300     0.102     0.182    0.189    0.184    0.173    0.188   0.162    0.276    0.262
   0.289    0.281     0.272    0.438     0.053     0.109    0.369    0.265    0.163    0.047   0.177    0.431    0.304
   0.336    0.346     0.203    0.616     0.114     0.169    0.337    0.309    0.230    0.231   0.148    0.466    0.368
   0.270    0.271     0.205    0.303     0.125     0.201    0.280    0.270    0.210    0.168   0.173    0.283    0.268
   0.190    0.180     0.148    0.200     0.121     0.151    0.271    0.247    0.239    0.196   0.215    0.216    0.180
   0.227    0.239     0.256    0.219     0.106     0.228    0.289    0.242    0.205    0.114   0.166    0.151    0.238
   0.306    0.319     0.232    0.346     0.127     0.214    0.281    0.251    0.194    0.085   0.174    0.289    0.315
   0.218    0.225     0.297    0.213     0.129     0.203    0.227    0.242    0.228    0.099   0.176    0.217    0.231
   0.222    0.226     0.230    0.205     0.108     0.120    0.403    0.263    0.222    0.101   0.229    0.190    0.223
   0.293    0.294     0.291    0.327     0.038     0.138    0.337    0.242    0.228    0.130   0.149    0.277    0.299
   0.233    0.230     0.266    0.160     0.093     0.232    0.282    0.270    0.256    0.189   0.197    0.214    0.223
   0.285    0.271     0.216    0.450     0.135     0.122    0.323    0.280    0.168    0.061   0.186    0.380    0.290
   0.283    0.298     0.243    0.364     0.060     0.220    0.196    0.275    0.158    0.339   0.121    0.364    0.301
   0.228    0.217     0.209    0.372     0.182     0.290    0.255    0.284    0.204    0.150   0.206    0.336    0.240
   0.250    0.259     0.244    0.251     0.118     0.176    0.180    0.209    0.164    0.066   0.137    0.215    0.256
   0.241    0.255     0.333    0.226     0.041     0.108    0.309    0.203    0.161    0.020   0.132    0.159    0.260
   0.237    0.208     0.241    0.230     0.098     0.146    0.280    0.238    0.244    0.234   0.131    0.209    0.215
   0.220    0.190     0.221    0.236     0.101     0.131    0.372    0.293    0.217    0.072   0.245    0.256    0.201
   0.244    0.249     0.122    0.375     0.081     0.131    0.227    0.148    0.146    0.134   0.143    0.297    0.255
   0.251    0.264     0.301    0.290     0.043     0.155    0.206    0.270    0.156    0.054   0.131    0.256    0.272
   0.236    0.219     0.262    0.196     0.060     0.154    0.310    0.277    0.186    0.204   0.194    0.186    0.220
   0.253    0.227     0.152    0.323     0.176     0.145    0.268    0.288    0.197    0.091   0.210    0.324    0.232
   0.274    0.265     0.209    0.335     0.111     0.161    0.309    0.302    0.251    0.124   0.190    0.307    0.269
   0.262    0.259     0.151    0.314     0.197     0.266    0.305    0.278    0.262    0.320   0.125    0.299    0.256
   0.281    0.273     0.242    0.333     0.135     0.239    0.275    0.277    0.156    0.115   0.170    0.330    0.278
   0.186    0.152     0.081    0.161     0.077     0.161    0.461    0.323    0.250    0.096   0.200    0.190    0.145
   0.237    0.206     0.292    0.285     0.048     0.162    0.344    0.244    0.161    0.046   0.136    0.266    0.229
   0.264    0.279     0.217    0.356     0.128     0.091    0.282    0.252    0.211    0.034   0.209    0.305    0.283
   0.231    0.237     0.313    0.296     0.173     0.196    0.089    0.125    0.173    0.120   0.134    0.267    0.256
   0.281    0.277     0.403    0.364     0.074     0.124    0.290    0.310    0.246    0.119   0.235    0.364    0.306
   0.208    0.211     0.192    0.211     0.082     0.197    0.318    0.238    0.235    0.100   0.223    0.193    0.209

--- Medianwerte ---
USG_PCT: 0.246
PCT_FGM: 0.246
PCT_FG3M: 0.247
PCT_FTM: 0.303
PCT_OREB: 0.109
PCT_DREB: 0.173
PCT_AST: 0.289
PCT_TOV: 0.264
PCT_STL: 0.205
PCT_BLK: 0.12
PCT_PF: 0.173
PCT_PFD: 0.27
PCT_PTS: 0.256
