Cluster 3 - Alle Spieler:

 AGE  OFF_RATING_Advanced  DEF_RATING_Advanced  NET_RATING_Advanced  E_TOV_PCT_Advanced  EFG_PCT_Advanced  USG_PCT_Advanced  PACE_Advanced  PIE_Advanced  POSS_Advanced  USG_PCT_Usage  PCT_FGM_Usage  PCT_FG3M_Usage  PCT_FTM_Usage  PCT_OREB_Usage  PCT_DREB_Usage  PCT_AST_Usage  PCT_TOV_Usage  PCT_STL_Usage  PCT_BLK_Usage  PCT_PF_Usage  PCT_PFD_Usage  PCT_PTS_2PT_Scoring  PCT_PTS_2PT_MR_Scoring  PCT_PTS_3PT_Scoring  PCT_PTS_FB_Scoring  PCT_PTS_FT_Scoring  OPP_PTS_OFF_TOV_Defense  OPP_PTS_2ND_CHANCE_Defense  OPP_PTS_FB_Defense  OPP_PTS_PAINT_Defense  DEF_WS_Defense  DEF_WS_RAW_Defense
24.0                109.7                111.1                 -1.4                 5.7             0.508             0.189         103.71         0.082           1050          0.189          0.193           0.262          0.219           0.135           0.199          0.109          0.102          0.153          0.154         0.207          0.187                0.398                   0.008                0.419               0.242               0.183                      176                         168                 182                    520            1.67            1.672713
20.0                104.1                115.6                -11.5                10.3             0.441             0.173         100.83         0.053           1342          0.173          0.161           0.142          0.151           0.059           0.118          0.241          0.190          0.132          0.049         0.222          0.117                0.527                   0.009                0.327               0.282               0.146                      240                         237                 242                    690            1.30            1.296878
28.0                110.3                103.6                  6.7                 9.1             0.571             0.162         103.09         0.082           1689          0.162          0.167           0.317          0.147           0.057           0.108          0.204          0.154          0.141          0.120         0.195          0.163                0.265                   0.065                0.635               0.082               0.100                      285                         234                 223                    796            4.56            4.564397
22.0                107.4                114.0                 -6.6                18.8             0.703             0.135         100.51         0.093           1900          0.135          0.179           0.000          0.206           0.428           0.258          0.065          0.220          0.166          0.600         0.350          0.261                0.801                   0.000                0.000               0.068               0.199                      343                         308                 303                    916            2.31            2.307378
23.0                110.0                100.2                  9.7                 9.9             0.557             0.159         100.63         0.082           1254          0.159          0.178           0.148          0.142           0.142           0.118          0.210          0.200          0.175          0.074         0.268          0.237                0.581                   0.051                0.295               0.132               0.124                      129                         158                 118                    512            3.83            3.829037
33.0                113.5                107.6                  5.9                 7.7             0.587             0.160          98.03         0.088           1766          0.160          0.158           0.342          0.128           0.084           0.178          0.112          0.120          0.207          0.106         0.142          0.135                0.152                   0.045                0.742               0.107               0.106                      270                         224                 263                    886            3.78            3.775383
31.0                103.4                118.9                -15.5                15.2             0.506             0.183          98.83         0.109           1543          0.183          0.194           0.019          0.239           0.532           0.446          0.109          0.239          0.271          0.300         0.293          0.247                0.778                   0.027                0.031               0.051               0.191                      284                         195                 297                    756            0.85            0.846805
24.0                107.3                117.5                -10.2                 9.0             0.558             0.183         101.12         0.072           1386          0.183          0.204           0.309          0.130           0.111           0.107          0.105          0.140          0.179          0.065         0.163          0.087                0.407                   0.052                0.502               0.184               0.091                      285                         187                 250                    696            1.01            1.007988
32.0                108.7                117.9                 -9.2                14.8             0.588             0.124         100.23         0.080           1102          0.124          0.146           0.000          0.085           0.457           0.319          0.105          0.179          0.184          0.523         0.311          0.192                0.931                   0.014                0.000               0.056               0.069                      171                         170                 160                    544            0.74            0.737037
22.0                110.2                109.7                  0.5                14.2             0.481             0.165         101.92         0.066           1443          0.165          0.138           0.085          0.177           0.110           0.095          0.278          0.241          0.316          0.092         0.199          0.223                0.590                   0.018                0.235               0.276               0.175                      274                         214                 209                    672            2.62            2.619936
25.0                112.1                115.9                 -3.9                 8.5             0.612             0.204         102.75         0.114            960          0.204          0.236           0.232          0.159           0.263           0.254          0.079          0.138          0.161          0.431         0.130          0.121                0.525                   0.205                0.393               0.115               0.082                      208                         135                 178                    472            0.92            0.916543
27.0                107.0                117.7                -10.7                13.3             0.530             0.305          97.49         0.122           1209          0.305          0.318           0.323          0.251           0.112           0.214          0.312          0.365          0.150          0.175         0.204          0.314                0.560                   0.230                0.323               0.098               0.117                      244                         194                 270                    654            0.83            0.833919
22.0                106.9                113.8                 -6.8                10.9             0.509             0.270          98.77         0.100           1903          0.270          0.269           0.360          0.246           0.103           0.169          0.205          0.248          0.196          0.220         0.193          0.203                0.331                   0.046                0.549               0.141               0.120                      362                         232                 251                    886            2.39            2.393953
25.0                109.5                108.8                  0.7                11.7             0.585             0.218         104.74         0.119           1064          0.218          0.227           0.198          0.306           0.152           0.136          0.302          0.265          0.264          0.132         0.199          0.308                0.538                   0.058                0.262               0.171               0.200                      178                         147                 190                    614            2.04            2.040399
28.0                104.8                116.8                -11.9                 8.5             0.464             0.169         100.19         0.078           1925          0.169          0.171           0.140          0.175           0.175           0.205          0.165          0.139          0.219          0.116         0.182          0.144                0.606                   0.059                0.238               0.147               0.156                      344                         288                 280                    918            1.59            1.592526
22.0                104.2                108.2                 -4.1                 5.3             0.589             0.115          96.82         0.061           1589          0.115          0.132           0.302          0.066           0.106           0.115          0.093          0.056          0.169          0.065         0.192          0.064                0.134                   0.033                0.803               0.138               0.063                      296                         219                 223                    784            3.29            3.287555
25.0                107.6                115.9                 -8.4                 8.6             0.473             0.084         100.53         0.040           1240          0.084          0.078           0.088          0.075           0.148           0.130          0.074          0.069          0.327          0.167         0.206          0.093                0.476                   0.019                0.371               0.248               0.153                      232                         161                 224                    700            1.17            1.170981
23.0                114.9                120.6                 -5.7                 9.2             0.513             0.328          96.10         0.122           1563          0.328          0.315           0.285          0.454           0.101           0.144          0.230          0.287          0.142          0.034         0.128          0.387                0.437                   0.140                0.341               0.072               0.222                      268                         271                 267                    880            0.47            0.474158
20.0                113.4                112.3                  1.1                 8.7             0.525             0.231         100.93         0.108           1729          0.231          0.248           0.273          0.194           0.134           0.213          0.130          0.169          0.197          0.169         0.130          0.146                0.478                   0.059                0.409               0.277               0.113                      299                         254                 253                    926            2.53            2.534318
23.0                121.7                105.6                 16.1                10.8             0.554             0.214         103.83         0.122           1891          0.214          0.194           0.175          0.307           0.273           0.309          0.125          0.262          0.129          0.490         0.227          0.277                0.514                   0.033                0.276               0.138               0.210                      227                         270                 261                    730            4.43            4.434292
32.0                113.3                113.5                 -0.2                 6.2             0.586             0.208          99.28         0.126           1787          0.208          0.240           0.314          0.236           0.282           0.279          0.063          0.115          0.173          0.325         0.177          0.211                0.446                   0.036                0.418               0.173               0.136                      310                         277                 281                    864            2.26            2.256692
23.0                104.4                114.8                -10.4                10.9             0.519             0.138          99.47         0.078           1066          0.138          0.141           0.124          0.153           0.169           0.198          0.169          0.156          0.321          0.213         0.190          0.194                0.548                   0.076                0.306               0.197               0.146                      186                         193                 168                    510            1.15            1.146203
25.0                106.1                108.2                 -2.1                13.9             0.480             0.125         102.22         0.074            915          0.125          0.132           0.019          0.173           0.353           0.225          0.126          0.162          0.127          0.278         0.304          0.169                0.715                   0.000                0.049               0.073               0.236                      163                         139                 162                    450            1.84            1.837498
26.0                115.6                118.4                 -2.8                 6.5             0.554             0.170          98.66         0.105            947          0.170          0.170           0.265          0.128           0.177           0.196          0.293          0.126          0.304          0.156         0.190          0.155                0.299                   0.052                0.603               0.052               0.098                      161                         113                 142                    452            0.57            0.574343
33.0                110.5                106.9                  3.6                 7.1             0.529             0.126          98.59         0.075           1252          0.126          0.125           0.218          0.067           0.137           0.141          0.238          0.105          0.260          0.071         0.202          0.162                0.260                   0.068                0.661               0.045               0.079                      219                         159                 191                    600            2.85            2.847611
25.0                108.3                113.5                 -5.2                14.4             0.589             0.155         100.91         0.091           1084          0.155          0.162           0.164          0.146           0.158           0.128          0.259          0.210          0.250          0.319         0.138          0.129                0.543                   0.032                0.335               0.144               0.122                      202                         147                 192                    546            1.36            1.363081
33.0                109.3                115.2                 -5.9                10.9             0.508             0.111         102.26         0.081           1331          0.111          0.117           0.052          0.129           0.299           0.293          0.180          0.162          0.130          0.313         0.288          0.187                0.642                   0.037                0.167               0.056               0.191                      196                         179                 220                    612            1.37            1.372166
24.0                106.4                114.6                 -8.2                11.4             0.532             0.159         104.43         0.089            890          0.159          0.165           0.156          0.150           0.159           0.264          0.145          0.156          0.163          0.237         0.138          0.144                0.497                   0.000                0.373               0.065               0.130                      185                         105                 133                    418            1.02            1.016885
23.0                109.2                107.1                  2.1                12.5             0.538             0.186          97.35         0.134           1852          0.186          0.223           0.046          0.185           0.530           0.308          0.192          0.223          0.268          0.452         0.289          0.213                0.776                   0.040                0.083               0.121               0.141                      354                         279                 265                    866            4.07            4.065519
36.0                108.8                112.1                 -3.3                15.3             0.650             0.126         100.07         0.115           1440          0.126          0.152           0.000          0.119           0.488           0.382          0.157          0.179          0.157          0.314         0.270          0.256                0.871                   0.010                0.000               0.081               0.129                      275                         210                 266                    652            2.10            2.099644
33.0                106.1                106.3                 -0.2                 9.1             0.420             0.111          98.84         0.061           1308          0.111          0.087           0.113          0.088           0.200           0.090          0.235          0.107          0.278          0.203         0.106          0.137                0.400                   0.032                0.480               0.048               0.120                      233                         171                 195                    644            3.03            3.025227
21.0                114.1                106.4                  7.7                11.7             0.702             0.132         100.99         0.124           1746          0.132          0.184           0.000          0.155           0.493           0.275          0.186          0.161          0.130          0.544         0.313          0.166                0.854                   0.000                0.000               0.089               0.146                      290                         269                 240                    864            3.94            3.938877
23.0                108.9                102.9                  6.0                12.1             0.444             0.131         101.09         0.066           1164          0.131          0.111           0.095          0.092           0.248           0.236          0.193          0.185          0.143          0.080         0.232          0.106                0.519                   0.015                0.356               0.104               0.125                      157                         170                 139                    472            3.13            3.128443
28.0                106.7                114.8                 -8.1                12.8             0.601             0.149         102.72         0.111           1598          0.149          0.189           0.014          0.169           0.382           0.323          0.143          0.161          0.105          0.520         0.201          0.223                0.800                   0.007                0.032               0.043               0.168                      322                         205                 286                    786            1.78            1.777899
29.0                108.0                114.5                 -6.5                 7.4             0.524             0.162         102.71         0.077           1009          0.162          0.182           0.248          0.109           0.326           0.172          0.116          0.099          0.141          0.368         0.253          0.086                0.371                   0.000                0.526               0.021               0.103                      191                         133                 183                    502            1.14            1.141536
33.0                108.6                109.7                 -1.1                11.8             0.705             0.073         102.17         0.073           1172          0.073          0.091           0.016          0.126           0.416           0.202          0.226          0.107          0.188          0.420         0.403          0.212                0.702                   0.000                0.053               0.105               0.245                      190                         172                 195                    578            2.10            2.099057
31.0                 99.7                113.1                -13.4                16.9             0.332             0.151         101.30         0.079           1076          0.151          0.096           0.009          0.031           0.139           0.177          0.544          0.376          0.273          0.186         0.190          0.072                0.918                   0.047                0.035               0.071               0.047                      200                         176                 180                    498            1.43            1.430685
36.0                111.0                116.4                 -5.4                 8.8             0.564             0.140          99.62         0.067           1601          0.140          0.136           0.265          0.125           0.053           0.087          0.176          0.116          0.178          0.169         0.096          0.110                0.233                   0.015                0.632               0.105               0.135                      303                         246                 258                    826            1.42            1.424941
20.0                112.7                118.6                 -5.9                11.2             0.452             0.219         102.73         0.064            977          0.219          0.177           0.267          0.197           0.205           0.215          0.112          0.225          0.179          0.086         0.149          0.208                0.402                   0.029                0.459               0.230               0.139                      184                         182                 166                    496            0.55            0.550081
28.0                107.9                111.4                 -3.5                 8.1             0.562             0.153         105.43         0.068           1824          0.153          0.148           0.336          0.191           0.070           0.129          0.122          0.114          0.174          0.158         0.242          0.192                0.096                   0.017                0.722               0.125               0.182                      308                         242                 262                    804            2.74            2.741341
30.0                110.4                103.2                  7.2                 9.2             0.519             0.090          99.58         0.043           1465          0.090          0.089           0.200          0.024           0.114           0.096          0.091          0.083          0.183          0.143         0.161          0.022                0.207                   0.041                0.745               0.097               0.048                      258                         185                 226                    684            4.14            4.139044
32.0                113.5                110.1                  3.4                 8.9             0.626             0.156         102.12         0.104           1963          0.156          0.214           0.105          0.081           0.229           0.212          0.143          0.140          0.267          0.162         0.263          0.101                0.700                   0.005                0.233               0.155               0.067                      330                         274                 258                    914            3.46            3.459575
26.0                114.9                113.3                  1.6                13.7             0.549             0.146          99.95         0.076            995          0.146          0.135           0.149          0.194           0.145           0.198          0.150          0.187          0.217          0.295         0.216          0.221                0.325                   0.048                0.488               0.108               0.187                      171                         133                 124                    462            1.32            1.324391
23.0                117.8                107.3                 10.6                13.1             0.553             0.126          99.78         0.073           1582          0.126          0.124           0.134          0.101           0.295           0.191          0.170          0.199          0.169          0.161         0.273          0.143                0.423                   0.018                0.449               0.119               0.128                      247                         219                 181                    678            3.40            3.395435
26.0                111.8                112.5                 -0.7                12.1             0.500             0.146         100.76         0.062           1356          0.146          0.134           0.133          0.142           0.151           0.136          0.185          0.179          0.270          0.111         0.260          0.157                0.517                   0.068                0.322               0.161               0.161                      254                         198                 209                    690            1.92            1.924817
26.0                109.0                110.7                 -1.6                 7.8             0.517             0.246         101.44         0.128           1936          0.246          0.236           0.378          0.340           0.067           0.159          0.373          0.226          0.170          0.054         0.165          0.278                0.351                   0.060                0.452               0.184               0.197                      297                         268                 287                    932            3.21            3.213521
22.0                108.1                107.6                  0.5                10.3             0.576             0.156         103.86         0.107           1624          0.156          0.186           0.141          0.171           0.303           0.330          0.105          0.132          0.221          0.077         0.258          0.196                0.575                   0.013                0.268               0.144               0.157                      278                         239                 256                    806            3.39            3.386775
22.0                108.3                111.6                 -3.2                13.3             0.527             0.244         102.83         0.069           1943          0.244          0.234           0.344          0.173           0.049           0.130          0.185          0.278          0.181          0.062         0.249          0.178                0.419                   0.065                0.460               0.141               0.121                      375                         271                 287                    968            2.99            2.987487
23.0                110.5                114.6                 -4.1                13.2             0.536             0.256          99.52         0.099           1868          0.256          0.248           0.253          0.299           0.180           0.133          0.252          0.308          0.257          0.115         0.183          0.284                0.481                   0.053                0.358               0.167               0.161                      334                         266                 274                    832            2.08            2.077097
29.0                111.0                104.7                  6.3                 9.3             0.527             0.126         103.16         0.071           1251          0.126          0.137           0.103          0.150           0.246           0.165          0.164          0.124          0.226          0.119         0.322          0.215                0.574                   0.011                0.255               0.085               0.171                      195                         158                 166                    648            3.20            3.198984
25.0                112.6                109.7                  2.9                 7.6             0.539             0.130          99.25         0.078           1383          0.130          0.132           0.235          0.027           0.094           0.115          0.268          0.121          0.183          0.067         0.158          0.033                0.370                   0.080                0.600               0.165               0.030                      245                         190                 189                    628            2.45            2.447606
26.0                106.4                119.3                -12.9                 9.8             0.513             0.167         100.49         0.067           1052          0.167          0.167           0.190          0.205           0.211           0.186          0.087          0.140          0.284          0.214         0.235          0.194                0.429                   0.020                0.398               0.173               0.173                      213                         172                 178                    570            0.51            0.507844
21.0                109.3                111.4                 -2.1                 9.4             0.553             0.243          98.18         0.106           1210          0.243          0.264           0.354          0.219           0.100           0.120          0.221          0.213          0.146          0.000         0.162          0.188                0.426                   0.051                0.435               0.182               0.139                      216                         167                 199                    590            1.93            1.927208
26.0                115.6                112.2                  3.3                14.0             0.525             0.116         100.61         0.082           1215          0.116          0.119           0.051          0.084           0.444           0.300          0.135          0.158          0.347          0.270         0.262          0.168                0.680                   0.000                0.184               0.150               0.136                      213                         173                 209                    626            1.80            1.798367
27.0                111.0                110.1                  0.8                 8.5             0.648             0.194         106.71         0.108           1668          0.194          0.241           0.320          0.150           0.178           0.182          0.083          0.127          0.123          0.523         0.265          0.144                0.346                   0.009                0.554               0.144               0.100                      336                         242                 281                    810            2.77            2.774518
23.0                115.2                109.6                  5.6                 4.7             0.558             0.115         101.98         0.057           1101          0.115          0.126           0.133          0.134           0.198           0.081          0.094          0.057          0.336          0.045         0.272          0.140                0.417                   0.012                0.405               0.117               0.178                      159                         149                 161                    526            2.07            2.065569
23.0                121.0                103.0                 17.9                 9.0             0.577             0.141         102.70         0.124           1678          0.141          0.133           0.205          0.083           0.271           0.364          0.267          0.179          0.144          0.392         0.252          0.145                0.259                   0.029                0.658               0.036               0.083                      243                         227                 180                    648            4.50            4.502116
22.0                108.4                108.8                 -0.4                11.3             0.497             0.164         101.31         0.075            957          0.164          0.164           0.157          0.148           0.257           0.172          0.190          0.159          0.197          0.081         0.286          0.164                0.527                   0.036                0.359               0.150               0.114                      173                         128                 170                    448            1.83            1.827014
28.0                107.6                116.7                 -9.2                 4.4             0.548             0.176          99.32         0.106           1291          0.176          0.220           0.181          0.153           0.076           0.128          0.292          0.088          0.233          0.185         0.124          0.159                0.589                   0.147                0.295               0.091               0.116                      193                         207                 210                    686            1.08            1.077697
26.0                111.5                109.1                  2.4                23.1             0.634             0.074          98.70         0.070           1295          0.074          0.085           0.000          0.042           0.493           0.291          0.104          0.168          0.097          0.463         0.290          0.097                0.918                   0.020                0.000               0.051               0.082                      226                         177                 204                    608            2.45            2.449907
21.0                103.0                108.7                 -5.7                10.2             0.479             0.181          99.92         0.045           1458          0.181          0.185           0.291          0.063           0.117           0.114          0.134          0.155          0.108          0.113         0.216          0.066                0.322                   0.090                0.618               0.142               0.060                      265                         175                 208                    686            2.93            2.926542
29.0                110.5                112.6                 -2.1                 9.2             0.569             0.148         103.58         0.097           1078          0.148          0.183           0.077          0.165           0.354           0.223          0.149          0.128          0.140          0.185         0.243          0.205                0.700                   0.080                0.165               0.075               0.135                      173                         152                 154                    546            1.52            1.523948
31.0                104.0                109.5                 -5.5                11.6             0.481             0.342          99.95         0.169           1200          0.342          0.320           0.181          0.603           0.353           0.307          0.293          0.354          0.109          0.333         0.204          0.483                0.518                   0.142                0.153               0.027               0.329                      193                         146                 195                    524            2.22            2.216333
29.0                113.2                107.8                  5.4                10.5             0.577             0.077         105.46         0.094           1223          0.077          0.085           0.136          0.028           0.219           0.282          0.135          0.080          0.250          0.212         0.141          0.069                0.321                   0.000                0.616               0.321               0.063                      252                         165                 185                    568            2.44            2.437307
26.0                111.2                112.4                 -1.2                12.0             0.528             0.134          99.53         0.080           1126          0.134          0.140           0.168          0.046           0.260           0.220          0.153          0.149          0.263          0.229         0.201          0.057                0.460                   0.062                0.484               0.031               0.056                      212                         169                 233                    520            1.63            1.632785
25.0                103.8                109.8                 -6.0                12.4             0.463             0.175         100.15         0.070            872          0.175          0.174           0.077          0.207           0.225           0.125          0.189          0.178          0.185          0.122         0.168          0.197                0.658                   0.013                0.158               0.184               0.184                      152                         111                 135                    452            1.60            1.604911
26.0                108.8                109.3                 -0.5                 9.9             0.519             0.185          98.69         0.100           1282          0.185          0.189           0.211          0.255           0.257           0.165          0.105          0.170          0.421          0.250         0.200          0.262                0.438                   0.014                0.339               0.127               0.223                      230                         188                 178                    626            2.42            2.422975
24.0                109.3                117.4                 -8.1                 8.2             0.590             0.112         100.63         0.061           1917          0.112          0.146           0.065          0.109           0.153           0.165          0.104          0.086          0.115          0.301         0.268          0.100                0.701                   0.007                0.164               0.266               0.135                      388                         317                 345                    986            1.39            1.386344
22.0                101.0                116.4                -15.4                11.4             0.400             0.188          99.10         0.060           1734          0.188          0.163           0.171          0.145           0.184           0.122          0.287          0.198          0.264          0.086         0.186          0.233                0.504                   0.057                0.351               0.124               0.145                      377                         264                 294                    866            1.55            1.551038
24.0                107.0                109.2                 -2.3                10.8             0.803             0.128          99.77         0.131            974          0.128          0.219           0.010          0.155           0.440           0.255          0.105          0.126          0.179          0.605         0.296          0.169                0.869                   0.030                0.015               0.157               0.116                      156                         149                 154                    498            1.80            1.803699
24.0                109.4                114.1                 -4.7                12.5             0.619             0.155         101.91         0.096           1674          0.155          0.197           0.098          0.139           0.344           0.272          0.104          0.160          0.163          0.432         0.320          0.147                0.702                   0.018                0.194               0.083               0.104                      323                         284                 249                    766            2.01            2.013201
26.0                106.2                108.4                 -2.2                11.8             0.485             0.164         102.77         0.074           1075          0.164          0.152           0.186          0.077           0.061           0.120          0.278          0.196          0.295          0.184         0.211          0.074                0.452                   0.048                0.482               0.083               0.066                      200                         153                 138                    456            2.04            2.043305
34.0                110.7                113.4                 -2.7                14.6             0.562             0.185         100.28         0.098           1858          0.185          0.173           0.159          0.275           0.278           0.241          0.247          0.259          0.206          0.247         0.333          0.278                0.526                   0.042                0.258               0.089               0.216                      342                         304                 313                    886            2.42            2.418466
24.0                110.0                122.3                -12.3                 8.1             0.578             0.110         102.71         0.067           1303          0.110          0.125           0.142          0.058           0.218           0.241          0.130          0.095          0.202          0.357         0.295          0.071                0.536                   0.012                0.393               0.077               0.071                      213                         226                 196                    742            0.09            0.086281
33.0                114.1                112.6                  1.5                 9.7             0.546             0.208         104.75         0.114           1845          0.208          0.211           0.192          0.211           0.082           0.197          0.318          0.238          0.235          0.100         0.223          0.193                0.509                   0.232                0.327               0.080               0.164                      303                         240                 287                    842            2.51            2.506868
39.0                103.8                109.6                 -5.8                 8.5             0.474             0.100          99.28         0.067           1368          0.100          0.081           0.164          0.118           0.084           0.132          0.294          0.113          0.275          0.200         0.209          0.140                0.174                   0.043                0.630               0.072               0.196                      226                         185                 195                    590            2.50            2.499699
28.0                111.6                106.5                  5.1                 7.7             0.596             0.143          99.55         0.062           1583          0.143          0.162           0.302          0.048           0.070           0.102          0.066          0.105          0.181          0.031         0.179          0.125                0.308                   0.070                0.650               0.206               0.042                      244                         206                 164                    834            3.60            3.597623
32.0                107.5                116.5                 -9.0                 7.5             0.626             0.155         104.76         0.106           1009          0.155          0.208           0.245          0.051           0.232           0.253          0.140          0.105          0.217          0.295         0.202          0.134                0.453                   0.030                0.502               0.049               0.045                      176                         128                 136                    478            0.85            0.845720
27.0                111.6                110.2                  1.4                 6.1             0.498             0.145          99.37         0.061           1607          0.145          0.139           0.241          0.038           0.097           0.178          0.115          0.092          0.196          0.145         0.217          0.060                0.219                   0.055                0.750               0.145               0.031                      267                         223                 205                    696            2.78            2.780104
26.0                104.7                118.7                -14.1                 8.3             0.526             0.214         101.60         0.091           1009          0.214          0.229           0.391          0.147           0.050           0.186          0.200          0.154          0.120          0.096         0.152          0.121                0.356                   0.065                0.547               0.105               0.097                      201                         167                 198                    522            0.57            0.570530
27.0                113.5                108.0                  5.5                10.0             0.504             0.152         105.60         0.078           1712          0.152          0.126           0.221          0.096           0.141           0.154          0.232          0.184          0.329          0.205         0.212          0.075                0.165                   0.022                0.753               0.112               0.082                      264                         238                 212                    810            3.35            3.349060
22.0                106.1                109.8                 -3.7                12.3             0.547             0.233         103.25         0.087            918          0.233          0.241           0.291          0.200           0.080           0.141          0.153          0.230          0.177          0.038         0.199          0.140                0.451                   0.068                0.434               0.153               0.115                      165                         114                 162                    466            1.63            1.629706
32.0                106.5                116.9                -10.4                 9.1             0.467             0.231         103.18         0.113           1215          0.231          0.221           0.114          0.382           0.164           0.178          0.330          0.217          0.165          0.102         0.131          0.312                0.577                   0.066                0.157               0.075               0.266                      230                         175                 178                    622            0.95            0.951590
24.0                110.4                107.5                  2.9                10.7             0.561             0.187         102.00         0.095           1719          0.187          0.198           0.228          0.167           0.091           0.095          0.299          0.217          0.233          0.044         0.207          0.178                0.421                   0.091                0.464               0.184               0.115                      317                         279                 236                    752            3.62            3.619192
31.0                109.9                107.3                  2.6                12.0             0.488             0.198         107.13         0.086           1520          0.198          0.170           0.258          0.185           0.108           0.112          0.285          0.258          0.283          0.110         0.161          0.218                0.341                   0.052                0.482               0.066               0.177                      257                         230                 213                    676            3.16            3.161901
33.0                111.9                112.3                 -0.4                13.4             0.453             0.085         101.75         0.035           1345          0.085          0.069           0.076          0.060           0.200           0.164          0.141          0.124          0.102          0.236         0.241          0.107                0.466                   0.136                0.379               0.029               0.155                      232                         198                 190                    644            1.98            1.976259
27.0                108.6                116.2                 -7.6                15.1             0.537             0.102         101.29         0.063           1492          0.102          0.096           0.142          0.077           0.257           0.233          0.084          0.130          0.149          0.246         0.195          0.098                0.321                   0.012                0.574               0.093               0.105                      260                         247                 277                    738            1.32            1.319918
30.0                111.1                108.3                  2.8                 6.8             0.505             0.173          99.99         0.096           1195          0.173          0.176           0.204          0.154           0.098           0.145          0.244          0.127          0.217          0.041         0.114          0.130                0.446                   0.120                0.399               0.107               0.155                      227                         175                 187                    578            2.39            2.393795
28.0                106.1                107.0                 -0.9                12.6             0.616             0.254          99.97         0.165           1172          0.254          0.310           0.221          0.364           0.310           0.313          0.154          0.257          0.202          0.150         0.221          0.362                0.585                   0.000                0.210               0.080               0.205                      231                         132                 159                    516            2.65            2.649846
22.0                113.4                104.7                  8.8                 6.5             0.482             0.155         103.84         0.085           1146          0.155          0.146           0.136          0.200           0.326           0.251          0.083          0.093          0.220          0.478         0.282          0.165                0.518                   0.020                0.320               0.132               0.162                      182                         101                 183                    546            2.79            2.787291
25.0                117.4                108.3                  9.1                12.7             0.650             0.136          95.52         0.102           1717          0.136          0.183           0.000          0.160           0.399           0.264          0.104          0.175          0.128          0.438         0.350          0.185                0.852                   0.019                0.000               0.058               0.148                      236                         264                 197                    842            3.53            3.527873
22.0                101.8                109.5                 -7.7                 5.4             0.437             0.158         103.43         0.082           1255          0.158          0.150           0.084          0.244           0.373           0.211          0.136          0.077          0.217          0.098         0.140          0.231                0.577                   0.020                0.179               0.214               0.244                      228                         163                 217                    630            2.29            2.294637
24.0                104.5                109.2                 -4.8                11.7             0.477             0.177         102.45         0.088           1639          0.177          0.187           0.083          0.203           0.366           0.247          0.185          0.209          0.129          0.258         0.291          0.183                0.653                   0.033                0.168               0.050               0.179                      282                         240                 278                    794            3.04            3.044154
32.0                111.7                114.6                 -2.9                 8.4             0.542             0.151          99.41         0.088           1259          0.151          0.159           0.151          0.126           0.168           0.214          0.215          0.141          0.118          0.153         0.194          0.140                0.528                   0.037                0.361               0.069               0.111                      224                         182                 152                    574            1.39            1.387089
26.0                111.3                105.7                  5.6                11.3             0.535             0.179         101.81         0.115            924          0.179          0.188           0.068          0.225           0.435           0.313          0.192          0.215          0.351          0.581         0.385          0.228                0.696                   0.098                0.130               0.136               0.174                      147                         135                 125                    388            2.18            2.180677
24.0                111.1                108.7                  2.4                 7.5             0.517             0.141          98.71         0.055           1595          0.141          0.138           0.146          0.158           0.176           0.119          0.151          0.122          0.232          0.127         0.324          0.196                0.454                   0.000                0.382               0.163               0.164                      256                         196                 233                    790            3.23            3.225678
25.0                111.5                109.1                  2.4                 8.8             0.582             0.197         100.02         0.095           1433          0.197          0.224           0.307          0.081           0.250           0.244          0.134          0.175          0.137          0.257         0.323          0.090                0.294                   0.029                0.644               0.076               0.062                      221                         159                 242                    604            2.69            2.687858
21.0                100.6                109.8                 -9.2                14.3             0.465             0.156         104.66         0.055           1005          0.156          0.161           0.163          0.120           0.182           0.156          0.119          0.165          0.195          0.121         0.216          0.113                0.542                   0.052                0.310               0.206               0.148                      221                         134                 172                    498            1.79            1.786805
23.0                 98.5                110.4                -12.0                10.5             0.360             0.122          99.16         0.051            969          0.122          0.102           0.062          0.103           0.108           0.094          0.270          0.141          0.371          0.059         0.173          0.156                0.602                   0.022                0.226               0.118               0.172                      170                         113                 134                    488            1.70            1.701322
21.0                108.5                111.1                 -2.7                10.3             0.452             0.171         104.93         0.060           1425          0.171          0.146           0.273          0.059           0.087           0.130          0.227          0.165          0.278          0.207         0.196          0.044                0.314                   0.096                0.629               0.192               0.057                      245                         205                 233                    744            2.31            2.314957
31.0                110.2                114.5                 -4.3                 9.2             0.647             0.143         100.78         0.135           1127          0.143          0.193           0.000          0.303           0.459           0.326          0.145          0.119          0.107          0.434         0.230          0.251                0.783                   0.000                0.000               0.052               0.217                      241                         143                 196                    546            1.24            1.242744
20.0                112.3                111.1                  1.2                14.4             0.500             0.215         101.82         0.078           1097          0.215          0.212           0.167          0.039           0.097           0.116          0.363          0.366          0.253          0.020         0.180          0.130                0.621                   0.073                0.342               0.146               0.037                      163                         169                 139                    548            1.79            1.789577
22.0                114.0                108.6                  5.4                11.8             0.577             0.179         101.74         0.088           1732          0.179          0.180           0.209          0.133           0.157           0.147          0.226          0.221          0.326          0.200         0.277          0.159                0.476                   0.074                0.421               0.146               0.103                      313                         231                 218                    772            3.40            3.403997
26.0                111.6                112.9                 -1.4                 6.8             0.609             0.202         102.07         0.124           1445          0.202          0.241           0.278          0.190           0.358           0.277          0.120          0.124          0.180          0.283         0.255          0.171                0.421                   0.021                0.468               0.078               0.111                      259                         234                 225                    722            1.96            1.956672
28.0                106.2                113.1                 -6.9                 9.5             0.528             0.162          98.81         0.081           1722          0.162          0.172           0.155          0.193           0.163           0.132          0.233          0.147          0.188          0.052         0.183          0.216                0.489                   0.057                0.362               0.149               0.149                      328                         253                 256                    806            2.33            2.330137
31.0                115.3                105.9                  9.4                16.5             0.545             0.127          99.77         0.109           1658          0.127          0.129           0.000          0.150           0.532           0.283          0.184          0.202          0.177          0.346         0.214          0.286                0.809                   0.000                0.000               0.027               0.191                      301                         201                 225                    750            3.84            3.841393
28.0                110.3                117.7                 -7.4                11.7             0.507             0.198         101.83         0.067           1619          0.198          0.182           0.288          0.113           0.113           0.131          0.191          0.214          0.167          0.100         0.156          0.097                0.287                   0.060                0.629               0.102               0.084                      298                         255                 306                    808            1.12            1.115918
24.0                111.4                109.8                  1.7                 8.8             0.527             0.208         106.82         0.090           1607          0.208          0.207           0.183          0.258           0.127           0.143          0.201          0.185          0.184          0.122         0.207          0.244                0.485                   0.016                0.325               0.169               0.190                      269                         239                 183                    752            2.78            2.776922
24.0                103.4                108.4                 -5.0                11.3             0.482             0.183          97.96         0.087           1358          0.183          0.184           0.148          0.252           0.172           0.199          0.167          0.181          0.209          0.179         0.197          0.226                0.524                   0.037                0.270               0.154               0.206                      240                         180                 198                    656            2.76            2.764143
25.0                112.0                113.5                 -1.5                 7.1             0.578             0.136         103.35         0.110           1948          0.136          0.161           0.073          0.165           0.151           0.136          0.347          0.141          0.259          0.090         0.163          0.193                0.661                   0.030                0.173               0.176               0.166                      288                         306                 245                    962            2.38            2.383320
24.0                105.1                109.4                 -4.4                13.8             0.510             0.226          97.80         0.101           1867          0.226          0.232           0.127          0.292           0.161           0.205          0.256          0.285          0.196          0.130         0.231          0.287                0.600                   0.009                0.193               0.104               0.207                      391                         276                 299                    906            3.50            3.501373
28.0                101.9                111.1                 -9.2                10.2             0.456             0.176          98.95         0.071            885          0.176          0.172           0.216          0.122           0.268           0.107          0.184          0.151          0.408          0.179         0.201          0.099                0.447                   0.013                0.434               0.125               0.119                      169                         105                 117                    438            1.47            1.471769
22.0                102.6                114.3                -11.7                11.9             0.574             0.252         102.79         0.127           1099          0.252          0.296           0.302          0.274           0.255           0.295          0.142          0.273          0.159          0.489         0.300          0.269                0.497                   0.091                0.345               0.073               0.158                      187                         181                 194                    558            1.25            1.248746
31.0                102.2                109.4                 -7.2                15.5             0.430             0.199          97.45         0.061           1590          0.199          0.160           0.226          0.140           0.099           0.129          0.333          0.302          0.127          0.000         0.147          0.171                0.372                   0.104                0.502               0.037               0.126                      326                         222                 286                    826            2.98            2.984294
24.0                117.4                116.2                  1.2                12.4             0.479             0.166         105.23         0.065           1090          0.166          0.146           0.186          0.086           0.162           0.224          0.185          0.216          0.135          0.121         0.217          0.157                0.458                   0.045                0.436               0.034               0.106                      231                         142                 188                    526            0.95            0.947884
23.0                 99.6                112.0                -12.4                13.2             0.524             0.133         100.73         0.083           1045          0.133          0.154           0.122          0.113           0.233           0.201          0.174          0.166          0.213          0.094         0.163          0.107                0.600                   0.053                0.280               0.287               0.120                      201                         145                 198                    514            1.58            1.578235
24.0                107.3                108.9                 -1.6                 7.1             0.557             0.119         102.16         0.063           1293          0.119          0.134           0.116          0.138           0.241           0.123          0.067          0.073          0.258          0.437         0.245          0.172                0.576                   0.033                0.277               0.217               0.147                      229                         227                 208                    586            2.45            2.453930
24.0                113.7                115.5                 -1.8                10.4             0.570             0.325         103.30         0.167           1841          0.325          0.371           0.016          0.453           0.306           0.243          0.328          0.388          0.268          0.243         0.245          0.471                0.773                   0.003                0.012               0.125               0.215                      286                         286                 278                    906            1.85            1.845387

--- Medianwerte ---
AGE: 25.0
OFF_RATING_Advanced: 109.35
DEF_RATING_Advanced: 111.1
NET_RATING_Advanced: -2.1500000000000004
E_TOV_PCT_Advanced: 10.45
EFG_PCT_Advanced: 0.531
USG_PCT_Advanced: 0.161
PACE_Advanced: 100.92
PIE_Advanced: 0.0825
POSS_Advanced: 1350.5
USG_PCT_Usage: 0.161
PCT_FGM_Usage: 0.1705
PCT_FG3M_Usage: 0.1635
PCT_FTM_Usage: 0.15
PCT_OREB_Usage: 0.1775
PCT_DREB_Usage: 0.184
PCT_AST_Usage: 0.172
PCT_TOV_Usage: 0.162
PCT_STL_Usage: 0.188
PCT_BLK_Usage: 0.172
PCT_PF_Usage: 0.208
PCT_PFD_Usage: 0.167
PCT_PTS_2PT_Scoring: 0.5005
PCT_PTS_2PT_MR_Scoring: 0.0345
PCT_PTS_3PT_Scoring: 0.357
PCT_PTS_FB_Scoring: 0.1175
PCT_PTS_FT_Scoring: 0.136
OPP_PTS_OFF_TOV_Defense: 238.0
OPP_PTS_2ND_CHANCE_Defense: 191.5
OPP_PTS_FB_Defense: 206.5
OPP_PTS_PAINT_Defense: 653.0
DEF_WS_Defense: 2.1
DEF_WS_RAW_Defense: 2.099350706083439
