Cluster 0 - Alle Spieler:

 AGE  OFF_RATING_Advanced  DEF_RATING_Advanced  NET_RATING_Advanced  E_TOV_PCT_Advanced  EFG_PCT_Advanced  USG_PCT_Advanced  PACE_Advanced  PIE_Advanced  POSS_Advanced  USG_PCT_Usage  PCT_FGM_Usage  PCT_FG3M_Usage  PCT_FTM_Usage  PCT_OREB_Usage  PCT_DREB_Usage  PCT_AST_Usage  PCT_TOV_Usage  PCT_STL_Usage  PCT_BLK_Usage  PCT_PF_Usage  PCT_PFD_Usage  PCT_PTS_2PT_Scoring  PCT_PTS_2PT_MR_Scoring  PCT_PTS_3PT_Scoring  PCT_PTS_FB_Scoring  PCT_PTS_FT_Scoring  OPP_PTS_OFF_TOV_Defense  OPP_PTS_2ND_CHANCE_Defense  OPP_PTS_FB_Defense  OPP_PTS_PAINT_Defense  DEF_WS_Defense  DEF_WS_RAW_Defense
29.0                122.5                113.0                  9.5                 9.0             0.607             0.186         101.64         0.104           3068          0.186          0.187           0.203          0.254           0.242           0.164          0.169          0.166          0.096          0.121         0.166          0.222                0.505                   0.070                0.301               0.139               0.194                      555                         410                 472                   1562            4.07            4.073355
25.0                120.1                111.5                  8.5                 7.3             0.617             0.171         101.64         0.087           2373          0.171          0.183           0.235          0.186           0.183           0.184          0.073          0.140          0.177          0.137         0.267          0.177                0.399                   0.055                0.466               0.235               0.135                      311                         343                 290                   1182            3.64            3.642563
31.0                117.5                102.5                 15.0                 7.2             0.541             0.147         102.70         0.101           2221          0.147          0.149           0.182          0.105           0.170           0.171          0.225          0.142          0.341          0.214         0.227          0.143                0.419                   0.010                0.471               0.178               0.110                      287                         328                 247                    838            6.15            6.153682
23.0                110.6                112.1                 -1.5                16.6             0.553             0.115         101.48         0.051           2071          0.115          0.110           0.102          0.041           0.339           0.168          0.161          0.197          0.218          0.125         0.310          0.076                0.557                   0.043                0.391               0.183               0.052                      350                         269                 320                    958            3.04            3.038263
22.0                113.1                109.2                  4.0                10.9             0.547             0.185         102.76         0.104           2822          0.185          0.204           0.038          0.186           0.324           0.210          0.181          0.199          0.386          0.274         0.291          0.243                0.791                   0.013                0.056               0.212               0.153                      477                         401                 393                   1262            5.33            5.326917
25.0                110.1                117.8                 -7.7                 9.1             0.561             0.163         104.63         0.084           3039          0.163          0.182           0.135          0.134           0.099           0.134          0.245          0.161          0.218          0.142         0.190          0.128                0.562                   0.007                0.329               0.226               0.109                      534                         468                 450                   1656            2.00            1.999245
23.0                111.2                113.4                 -2.2                 5.4             0.537             0.108         102.92         0.055           2636          0.108          0.109           0.215          0.058           0.175           0.164          0.115          0.066          0.180          0.116         0.243          0.078                0.313                   0.030                0.614               0.277               0.073                      397                         367                 382                   1384            3.37            3.372974
28.0                111.7                113.5                 -1.8                16.3             0.520             0.133          98.17         0.103           2283          0.133          0.127           0.000          0.061           0.240           0.271          0.458          0.307          0.207          0.240         0.222          0.132                0.906                   0.016                0.000               0.152               0.094                      425                         345                 348                   1054            2.99            2.991692
30.0                114.1                110.8                  3.4                 7.2             0.520             0.234         101.20         0.131           2625          0.234          0.251           0.166          0.153           0.405           0.346          0.157          0.173          0.177          0.226         0.198          0.159                0.624                   0.209                0.287               0.076               0.089                      430                         364                 343                   1208            4.32            4.320938
32.0                112.7                110.0                  2.7                10.0             0.534             0.183         101.35         0.074           2858          0.183          0.179           0.284          0.114           0.077           0.142          0.198          0.195          0.169          0.087         0.232          0.136                0.360                   0.086                0.540               0.129               0.100                      458                         322                 444                   1266            5.07            5.074436
23.0                108.6                114.8                 -6.2                 9.2             0.500             0.199          99.87         0.085           2060          0.199          0.201           0.183          0.209           0.113           0.173          0.182          0.174          0.252          0.099         0.188          0.183                0.522                   0.161                0.328               0.185               0.150                      391                         303                 376                   1104            2.27            2.265925
28.0                116.5                108.2                  8.2                 7.8             0.622             0.150         105.54         0.108           2637          0.150          0.204           0.003          0.140           0.425           0.234          0.089          0.107          0.208          0.250         0.258          0.166                0.880                   0.030                0.006               0.139               0.114                      485                         384                 385                   1172            5.14            5.137059
29.0                106.5                112.8                 -6.3                11.2             0.485             0.143          98.64         0.063           2504          0.143          0.136           0.120          0.133           0.220           0.166          0.173          0.161          0.204          0.225         0.186          0.163                0.517                   0.129                0.312               0.177               0.171                      455                         342                 370                   1254            3.41            3.410378
30.0                116.6                107.5                  9.1                 7.2             0.506             0.200         100.23         0.089           2275          0.200          0.181           0.300          0.134           0.058           0.122          0.321          0.184          0.195          0.154         0.258          0.147                0.344                   0.036                0.558               0.140               0.098                      329                         279                 277                   1096            4.89            4.885960
31.0                108.7                111.5                 -2.7                 8.7             0.559             0.160         105.23         0.117           2575          0.160          0.204           0.000          0.139           0.524           0.361          0.084          0.123          0.139          0.408         0.241          0.196                0.893                   0.008                0.000               0.090               0.107                      468                         367                 420                   1222            3.88            3.879975
29.0                108.1                111.3                 -3.2                10.0             0.485             0.142         101.20         0.080           2462          0.142          0.142           0.128          0.105           0.172           0.207          0.182          0.138          0.287          0.264         0.189          0.132                0.520                   0.101                0.360               0.223               0.120                      435                         339                 405                   1164            3.98            3.979072
20.0                103.0                118.5                -15.5                11.7             0.391             0.122         103.19         0.021           2284          0.122          0.098           0.124          0.076           0.113           0.114          0.111          0.118          0.161          0.162         0.226          0.076                0.417                   0.043                0.457               0.113               0.126                      479                         357                 439                   1176            1.33            1.326210
25.0                107.7                109.0                 -1.2                11.6             0.494             0.238          97.70         0.105           2519          0.238          0.233           0.266          0.205           0.152           0.197          0.323          0.303          0.217          0.193         0.270          0.200                0.486                   0.092                0.367               0.130               0.147                      424                         288                 316                   1092            4.57            4.573447
29.0                110.1                111.6                 -1.5                 9.8             0.479             0.228          99.59         0.098           3092          0.228          0.202           0.295          0.219           0.060           0.145          0.362          0.249          0.215          0.140         0.215          0.226                0.372                   0.052                0.463               0.122               0.165                      523                         420                 498                   1606            4.85            4.850167
27.0                106.6                118.2                -11.6                 8.9             0.500             0.136          98.04         0.046           2179          0.136          0.140           0.190          0.069           0.149           0.134          0.092          0.107          0.197          0.263         0.241          0.075                0.400                   0.044                0.524               0.121               0.076                      460                         321                 373                   1094            1.39            1.392010
25.0                110.2                111.8                 -1.5                10.6             0.462             0.237         101.21         0.089           2353          0.237          0.208           0.241          0.230           0.098           0.146          0.280          0.238          0.244          0.234         0.131          0.209                0.451                   0.032                0.386               0.145               0.163                      446                         367                 410                   1190            3.60            3.597350
22.0                104.0                111.6                 -7.6                11.8             0.517             0.142         106.51         0.056           2188          0.142          0.144           0.128          0.152           0.165           0.120          0.175          0.164          0.267          0.129         0.284          0.152                0.509                   0.006                0.340               0.233               0.151                      418                         280                 307                   1090            3.24            3.238867
24.0                112.2                114.9                 -2.8                 5.3             0.576             0.181          98.26         0.087           3063          0.181          0.206           0.326          0.117           0.121           0.185          0.083          0.084          0.115          0.068         0.164          0.099                0.365                   0.042                0.544               0.190               0.091                      542                         507                 507                   1524            3.34            3.340018
26.0                114.9                113.4                  1.5                10.4             0.702             0.186         101.73         0.141           2597          0.186          0.256           0.000          0.287           0.534           0.269          0.120          0.174          0.127          0.590         0.321          0.315                0.807                   0.006                0.000               0.110               0.193                      497                         406                 382                   1248            3.33            3.332510
28.0                120.0                109.4                 10.7                 5.8             0.561             0.101         101.10         0.067           2639          0.101          0.097           0.185          0.037           0.181           0.224          0.105          0.067          0.180          0.180         0.228          0.065                0.200                   0.006                0.750               0.094               0.050                      376                         342                 423                   1258            4.84            4.838819
26.0                110.0                116.8                 -6.9                11.0             0.573             0.197          98.94         0.125           2489          0.197          0.257           0.021          0.104           0.432           0.360          0.105          0.185          0.157          0.358         0.203          0.133                0.899                   0.153                0.031               0.054               0.070                      474                         336                 454                   1186            2.03            2.028464
28.0                109.0                118.1                 -9.1                12.0             0.445             0.263         102.86         0.118           2165          0.263          0.228           0.205          0.252           0.069           0.288          0.433          0.352          0.288          0.101         0.151          0.211                0.524                   0.148                0.288               0.172               0.188                      400                         342                 399                   1194            1.39            1.388358
21.0                109.9                109.7                  0.2                13.6             0.560             0.135         101.68         0.105           2801          0.135          0.160           0.038          0.135           0.505           0.329          0.116          0.161          0.156          0.651         0.357          0.177                0.761                   0.005                0.096               0.069               0.143                      517                         412                 520                   1274            5.07            5.066956
25.0                110.1                107.4                  2.7                11.9             0.615             0.142          95.80         0.134           2855          0.142          0.177           0.009          0.174           0.480           0.329          0.194          0.166          0.186          0.490         0.252          0.205                0.813                   0.004                0.018               0.060               0.169                      535                         352                 409                   1300            6.23            6.234740
24.0                122.1                109.7                 12.5                 6.1             0.569             0.124         100.08         0.057           2187          0.124          0.125           0.156          0.100           0.189           0.108          0.110          0.084          0.177          0.163         0.259          0.111                0.404                   0.000                0.499               0.184               0.097                      344                         287                 341                    962            3.96            3.957643
24.0                109.1                108.6                  0.5                12.5             0.586             0.121         101.75         0.096           3036          0.121          0.147           0.040          0.133           0.413           0.258          0.163          0.153          0.138          0.594         0.292          0.173                0.731                   0.014                0.117               0.085               0.152                      555                         482                 400                   1362            5.92            5.915623
20.0                108.6                111.1                 -2.4                 8.9             0.487             0.179         101.29         0.068           2316          0.179          0.171           0.226          0.178           0.201           0.142          0.127          0.148          0.218          0.097         0.192          0.173                0.419                   0.058                0.434               0.143               0.147                      394                         336                 352                   1220            3.74            3.737690
24.0                107.9                113.9                 -6.0                12.4             0.501             0.194          99.18         0.098           2835          0.194          0.189           0.103          0.243           0.302           0.215          0.226          0.241          0.279          0.124         0.193          0.208                0.618                   0.032                0.195               0.144               0.187                      488                         383                 443                   1372            3.55            3.551749
23.0                115.0                111.2                  3.8                13.6             0.564             0.140         103.86         0.081           2926          0.140          0.132           0.145          0.148           0.245           0.185          0.197          0.188          0.247          0.144         0.227          0.153                0.437                   0.013                0.393               0.183               0.170                      591                         424                 443                   1402            4.68            4.683260
23.0                111.8                110.2                  1.6                12.0             0.541             0.214         106.68         0.135           2858          0.214          0.233           0.135          0.172           0.193           0.325          0.225          0.238          0.208          0.231         0.139          0.175                0.668                   0.041                0.194               0.194               0.138                      572                         369                 476                   1282            4.77            4.766889
25.0                110.3                111.5                 -1.2                 6.7             0.554             0.201         106.06         0.133           2122          0.201          0.227           0.232          0.201           0.438           0.371          0.119          0.133          0.112          0.358         0.231          0.225                0.450                   0.008                0.412               0.097               0.138                      363                         325                 272                   1036            3.17            3.171025
24.0                105.7                104.8                  1.0                13.4             0.489             0.268          99.02         0.107           2060          0.268          0.248           0.341          0.266           0.106           0.182          0.267          0.301          0.232          0.236         0.224          0.301                0.427                   0.081                0.402               0.150               0.171                      391                         220                 269                    960            5.32            5.317212
22.0                105.5                113.3                 -7.8                12.1             0.476             0.179         102.18         0.070           3127          0.179          0.165           0.194          0.116           0.077           0.091          0.367          0.254          0.224          0.078         0.237          0.178                0.495                   0.041                0.405               0.161               0.100                      565                         505                 476                   1514            4.04            4.040405
24.0                105.0                113.4                 -8.4                 6.2             0.581             0.147         102.32         0.072           2222          0.147          0.170           0.355          0.056           0.128           0.180          0.086          0.076          0.104          0.128         0.195          0.069                0.210                   0.048                0.752               0.153               0.038                      433                         314                 427                   1122            2.83            2.829510
21.0                107.0                112.1                 -5.0                13.5             0.576             0.165         103.23         0.087           2544          0.165          0.167           0.260          0.117           0.112           0.264          0.164          0.210          0.239          0.208         0.244          0.138                0.412                   0.056                0.488               0.137               0.100                      437                         278                 371                   1266            3.73            3.733538
24.0                108.5                114.5                 -6.0                10.1             0.514             0.222         102.60         0.102           2232          0.222          0.226           0.230          0.205           0.108           0.120          0.403          0.263          0.222          0.101         0.229          0.190                0.529                   0.067                0.333               0.183               0.138                      365                         368                 353                   1036            2.59            2.585533
31.0                109.1                117.0                 -7.8                 7.8             0.509             0.113         101.97         0.064           2671          0.113          0.115           0.134          0.124           0.187           0.192          0.086          0.092          0.267          0.238         0.211          0.151                0.444                   0.000                0.398               0.202               0.158                      456                         399                 546                   1394            2.12            2.118034
25.0                112.3                109.8                  2.5                11.7             0.722             0.120         100.51         0.097           2301          0.120          0.174           0.000          0.141           0.406           0.242          0.099          0.135          0.178          0.451         0.366          0.248                0.841                   0.005                0.000               0.089               0.159                      363                         304                 435                   1050            4.12            4.119047
24.0                107.2                119.0                -11.8                10.0             0.536             0.140         100.95         0.087           2595          0.140          0.153           0.166          0.122           0.340           0.252          0.131          0.125          0.191          0.064         0.178          0.112                0.488                   0.048                0.402               0.144               0.110                      524                         387                 465                   1364            1.37            1.373091
22.0                111.9                114.5                 -2.7                11.4             0.565             0.184         101.53         0.101           2880          0.184          0.213           0.076          0.174           0.368           0.241          0.158          0.204          0.184          0.164         0.267          0.204                0.723                   0.010                0.136               0.146               0.141                      566                         464                 444                   1454            3.27            3.266236
27.0                112.4                113.3                 -0.9                13.1             0.583             0.234         101.72         0.129           2590          0.234          0.268           0.170          0.294           0.263           0.265          0.121          0.213          0.239          0.284         0.241          0.301                0.583                   0.053                0.234               0.096               0.183                      568                         346                 443                   1208            3.34            3.338349
24.0                107.2                120.3                -13.1                 6.0             0.554             0.174         102.10         0.071           2700          0.174          0.194           0.306          0.110           0.155           0.168          0.102          0.080          0.211          0.095         0.247          0.090                0.301                   0.056                0.620               0.138               0.079                      596                         405                 552                   1392            0.90            0.903305
27.0                105.9                106.6                 -0.7                 7.4             0.474             0.155          98.62         0.108           2229          0.155          0.158           0.160          0.172           0.397           0.291          0.079          0.103          0.281          0.503         0.195          0.168                0.500                   0.068                0.308               0.055               0.192                      384                         293                 314                    976            5.17            5.169664
22.0                110.0                108.9                  1.0                 8.4             0.495             0.271         100.21         0.110           2381          0.271          0.273           0.137          0.402           0.185           0.203          0.170          0.212          0.174          0.163         0.189          0.331                0.590                   0.036                0.192               0.145               0.218                      389                         317                 307                   1100            4.58            4.582689
23.0                103.7                111.9                 -8.2                11.5             0.462             0.145         102.69         0.083           2743          0.145          0.146           0.054          0.153           0.311           0.247          0.198          0.162          0.242          0.309         0.230          0.155                0.715                   0.031                0.131               0.152               0.154                      517                         429                 466                   1430            4.11            4.108797
33.0                107.5                117.5                -10.0                11.0             0.493             0.269         102.16         0.102           2049          0.269          0.257           0.317          0.306           0.104           0.143          0.278          0.240          0.211          0.114         0.135          0.271                0.390                   0.063                0.420               0.123               0.190                      481                         348                 397                   1066            1.48            1.475735
23.0                106.6                118.1                -11.4                 8.0             0.471             0.204         101.14         0.066           2783          0.204          0.193           0.326          0.166           0.077           0.156          0.096          0.148          0.136          0.148         0.106          0.140                0.321                   0.126                0.546               0.230               0.133                      502                         519                 516                   1498            1.80            1.797018
27.0                108.4                117.1                 -8.7                 9.6             0.498             0.193          99.89         0.090           2849          0.193          0.180           0.314          0.128           0.082           0.120          0.345          0.205          0.322          0.093         0.173          0.142                0.321                   0.031                0.575               0.130               0.104                      515                         476                 494                   1400            2.23            2.227725
21.0                112.9                111.1                  1.8                 7.0             0.533             0.126         104.00         0.055           2427          0.126          0.130           0.141          0.146           0.255           0.126          0.062          0.082          0.210          0.180         0.245          0.139                0.426                   0.005                0.410               0.194               0.164                      423                         363                 296                   1206            3.78            3.782449
23.0                111.9                114.4                 -2.5                 8.6             0.529             0.173         102.79         0.057           2964          0.173          0.172           0.289          0.135           0.054           0.127          0.102          0.130          0.167          0.116         0.271          0.168                0.395                   0.034                0.480               0.160               0.125                      520                         439                 481                   1388            3.39            3.387087
24.0                107.1                116.8                 -9.7                 9.7             0.601             0.150         102.96         0.101           2871          0.150          0.188           0.186          0.113           0.347           0.257          0.085          0.124          0.330          0.281         0.201          0.107                0.500                   0.018                0.408               0.158               0.092                      535                         471                 486                   1426            2.33            2.331471
21.0                111.6                123.2                -11.6                 9.5             0.546             0.165          99.43         0.062           2391          0.165          0.174           0.210          0.088           0.188           0.157          0.112          0.155          0.216          0.157         0.214          0.093                0.463                   0.076                0.465               0.178               0.072                      423                         433                 396                   1328           -0.14           -0.139978
30.0                106.1                115.1                 -9.0                15.6             0.523             0.202          99.79         0.116           2216          0.202          0.196           0.104          0.256           0.417           0.416          0.200          0.287          0.245          0.410         0.327          0.326                0.600                   0.009                0.212               0.015               0.188                      413                         285                 411                    986            2.36            2.358474
34.0                120.3                107.9                 12.4                 8.3             0.560             0.280          97.26         0.134           2391          0.280          0.282           0.262          0.260           0.162           0.220          0.167          0.241          0.241          0.150         0.139          0.294                0.583                   0.176                0.294               0.158               0.123                      342                         285                 325                   1088            4.95            4.953403
21.0                112.8                110.9                  1.9                 9.3             0.592             0.169          98.60         0.119           2914          0.169          0.209           0.089          0.105           0.420           0.356          0.075          0.132          0.174          0.477         0.268          0.117                0.746                   0.040                0.176               0.071               0.078                      520                         406                 447                   1492            4.92            4.923769
30.0                118.7                104.1                 14.5                 7.7             0.576             0.151         101.26         0.093           2379          0.151          0.164           0.174          0.078           0.244           0.222          0.156          0.143          0.195          0.088         0.233          0.136                0.482                   0.046                0.454               0.156               0.064                      302                         336                 274                    980            6.07            6.073718
25.0                109.1                108.0                  1.1                12.2             0.492             0.248         100.63         0.119           3104          0.248          0.240           0.152          0.224           0.158           0.220          0.368          0.298          0.298          0.089         0.205          0.254                0.617                   0.182                0.214               0.136               0.169                      518                         454                 426                   1362            6.30            6.297165
29.0                112.5                106.9                  5.6                 8.1             0.518             0.125         100.61         0.114           2386          0.125          0.148           0.006          0.136           0.487           0.338          0.185          0.127          0.223          0.363         0.310          0.187                0.820                   0.029                0.017               0.073               0.163                      389                         304                 337                   1092            5.28            5.278593
24.0                106.0                107.8                 -1.8                10.4             0.468             0.133         102.70         0.061           2221          0.133          0.134           0.106          0.073           0.251           0.155          0.140          0.115          0.167          0.160         0.148          0.099                0.627                   0.014                0.282               0.192               0.091                      437                         312                 363                   1050            4.62            4.622994
29.0                116.2                110.3                  5.8                 6.6             0.572             0.253          99.83         0.132           2528          0.253          0.265           0.243          0.382           0.291           0.234          0.126          0.182          0.199          0.426         0.319          0.420                0.425                   0.051                0.378               0.066               0.197                      354                         323                 399                   1094            4.43            4.426446
31.0                106.1                107.6                 -1.5                 7.2             0.510             0.152         100.06         0.108           2093          0.152          0.171           0.094          0.162           0.215           0.219          0.270          0.121          0.213          0.351         0.203          0.177                0.655                   0.050                0.210               0.073               0.135                      344                         276                 295                    992            4.48            4.479250
28.0                111.4                117.5                 -6.1                 7.2             0.521             0.231         101.64         0.103           3127          0.231          0.237           0.313          0.296           0.173           0.196          0.089          0.125          0.173          0.120         0.134          0.267                0.354                   0.031                0.464               0.137               0.182                      649                         420                 567                   1510            2.22            2.221973
29.0                121.2                106.3                 14.9                 6.6             0.668             0.111          95.87         0.114           2717          0.111          0.155           0.000          0.177           0.487           0.208          0.164          0.093          0.177          0.486         0.275          0.220                0.848                   0.018                0.000               0.052               0.152                      355                         346                 373                   1150            6.36            6.358529
23.0                106.3                118.9                -12.7                10.2             0.604             0.210         100.77         0.156           2463          0.210          0.276           0.000          0.349           0.489           0.376          0.166          0.203          0.201          0.495         0.265          0.301                0.805                   0.018                0.000               0.109               0.195                      464                         346                 473                   1254            1.31            1.312366
35.0                115.2                115.0                  0.2                13.1             0.619             0.105         100.08         0.098           2732          0.105          0.110           0.000          0.177           0.450           0.386          0.169          0.158          0.159          0.362         0.340          0.213                0.751                   0.000                0.000               0.060               0.249                      495                         363                 470                   1302            2.92            2.924197
29.0                120.1                112.2                  7.9                 9.0             0.594             0.143         101.34         0.083           2691          0.143          0.141           0.268          0.060           0.174           0.179          0.202          0.150          0.138          0.118         0.220          0.112                0.221                   0.000                0.720               0.140               0.059                      433                         370                 425                   1270            3.87            3.873633
23.0                106.9                110.3                 -3.4                13.6             0.596             0.130          97.32         0.115           2498          0.130          0.170           0.000          0.180           0.471           0.322          0.095          0.150          0.220          0.348         0.220          0.242                0.829                   0.010                0.000               0.114               0.171                      507                         342                 368                   1198            4.42            4.415507
27.0                112.3                120.9                 -8.7                14.8             0.591             0.169          98.62         0.107           2576          0.169          0.194           0.000          0.285           0.473           0.350          0.075          0.195          0.099          0.437         0.304          0.249                0.775                   0.030                0.000               0.060               0.225                      514                         374                 484                   1288            0.67            0.669537
21.0                102.1                116.4                -14.3                10.1             0.482             0.205          99.74         0.064           2848          0.205          0.206           0.309          0.104           0.041           0.123          0.212          0.190          0.086          0.050         0.156          0.084                0.399                   0.105                0.528               0.108               0.073                      538                         381                 522                   1446            2.51            2.513259
36.0                110.5                104.7                  5.9                 9.3             0.622             0.087         100.22         0.069           2848          0.087          0.092           0.236          0.033           0.165           0.173          0.128          0.084          0.209          0.247         0.205          0.040                0.102                   0.019                0.843               0.099               0.055                      483                         355                 429                   1280            7.23            7.234496
22.0                109.6                110.7                 -1.1                 9.9             0.560             0.178          98.48         0.098           2374          0.178          0.186           0.241          0.169           0.118           0.193          0.216          0.188          0.217          0.151         0.218          0.180                0.381                   0.028                0.474               0.180               0.145                      399                         308                 365                   1172            4.03            4.033250
20.0                103.0                115.2                -12.3                 9.3             0.474             0.185          97.91         0.061           2126          0.185          0.174           0.297          0.183           0.178           0.210          0.078          0.137          0.152          0.250         0.251          0.197                0.219                   0.005                0.621               0.114               0.160                      410                         320                 326                   1000            2.27            2.272707
22.0                109.4                110.0                 -0.6                12.2             0.604             0.103          99.05         0.073           2154          0.103          0.131           0.000          0.084           0.319           0.224          0.124          0.132          0.153          0.261         0.266          0.128                0.886                   0.047                0.000               0.067               0.114                      360                         302                 316                   1052            3.84            3.842373
35.0                108.3                112.2                 -3.8                11.8             0.514             0.233          98.87         0.106           2757          0.233          0.230           0.266          0.160           0.093           0.232          0.282          0.270          0.256          0.189         0.197          0.214                0.448                   0.195                0.433               0.081               0.119                      465                         356                 415                   1290            4.06            4.060557
25.0                110.2                111.4                 -1.2                 9.8             0.517             0.143         100.16         0.092           2432          0.143          0.163           0.036          0.105           0.351           0.289          0.090          0.130          0.219          0.416         0.197          0.116                0.813                   0.032                0.079               0.119               0.108                      452                         281                 387                   1232            3.90            3.904362
23.0                109.9                116.0                 -6.1                 7.7             0.442             0.196          99.93         0.080           2602          0.196          0.173           0.178          0.244           0.190           0.209          0.163          0.159          0.151          0.100         0.140          0.230                0.459                   0.030                0.310               0.248               0.231                      390                         418                 443                   1356            2.47            2.472927
19.0                109.8                110.9                 -1.0                11.5             0.517             0.177         101.00         0.078           2652          0.177          0.186           0.103          0.205           0.136           0.212          0.123          0.183          0.226          0.131         0.243          0.222                0.617                   0.027                0.207               0.301               0.176                      491                         414                 385                   1226            4.36            4.363488
22.0                110.4                115.1                 -4.7                 6.8             0.516             0.161          98.59         0.059           2882          0.161          0.174           0.209          0.043           0.259           0.179          0.073          0.107          0.201          0.256         0.297          0.057                0.481                   0.016                0.481               0.131               0.038                      472                         420                 429                   1350            3.13            3.130688
27.0                119.8                109.8                 10.0                 4.1             0.627             0.140          96.40         0.083           3102          0.140          0.160           0.278          0.025           0.114           0.171          0.076          0.064          0.188          0.079         0.174          0.055                0.159                   0.056                0.823               0.155               0.018                      361                         421                 357                   1502            5.69            5.687949
29.0                117.4                107.1                 10.3                 6.0             0.567             0.140         101.26         0.069           2963          0.140          0.136           0.289          0.058           0.121           0.121          0.138          0.097          0.215          0.114         0.223          0.097                0.138                   0.012                0.807               0.143               0.055                      425                         408                 341                   1256            6.32            6.317670
34.0                106.2                114.1                 -8.0                 7.1             0.599             0.151          99.10         0.083           2194          0.151          0.192           0.278          0.103           0.088           0.121          0.114          0.097          0.186          0.070         0.144          0.130                0.365                   0.194                0.561               0.083               0.074                      439                         314                 402                   1044            2.64            2.641780
29.0                110.7                109.5                  1.2                10.2             0.504             0.152         103.26         0.068           2653          0.152          0.142           0.205          0.156           0.182           0.189          0.095          0.133          0.152          0.092         0.172          0.147                0.332                   0.040                0.511               0.152               0.157                      490                         361                 387                   1226            4.84            4.842054
33.0                111.1                113.8                 -2.7                 9.8             0.531             0.226         103.69         0.129           3069          0.226          0.249           0.043          0.124           0.171           0.160          0.416          0.263          0.332          0.138         0.140          0.181                0.858                   0.167                0.063               0.086               0.079                      512                         392                 410                   1518            3.72            3.715602
24.0                114.8                109.2                  5.6                 8.6             0.543             0.185         101.55         0.117           2994          0.185          0.212           0.177          0.153           0.268           0.239          0.117          0.149          0.351          0.336         0.229          0.138                0.609                   0.023                0.276               0.255               0.115                      489                         397                 411                   1468            5.69            5.691037
28.0                112.9                115.2                 -2.3                 7.7             0.569             0.145         100.43         0.074           2947          0.145          0.167           0.158          0.096           0.193           0.142          0.154          0.109          0.194          0.106         0.204          0.125                0.561                   0.077                0.348               0.226               0.091                      525                         410                 452                   1454            3.00            2.995348
27.0                109.9                113.4                 -3.5                 6.9             0.583             0.162         102.45         0.110           2071          0.162          0.194           0.194          0.159           0.417           0.268          0.097          0.114          0.159          0.427         0.213          0.165                0.536                   0.037                0.336               0.089               0.128                      322                         309                 307                   1058            2.61            2.610486
19.0                 99.4                111.2                -11.9                11.2             0.414             0.150          98.50         0.065           2545          0.150          0.124           0.180          0.184           0.219           0.252          0.131          0.132          0.142          0.143         0.184          0.176                0.317                   0.023                0.493               0.130               0.190                      539                         316                 412                   1198            4.13            4.130407
25.0                107.8                111.3                 -3.5                 9.1             0.576             0.164         101.53         0.120           2050          0.164          0.214           0.000          0.212           0.484           0.282          0.174          0.148          0.134          0.365         0.217          0.222                0.855                   0.000                0.000               0.184               0.145                      345                         273                 316                    960            3.23            3.227578
29.0                111.8                113.8                 -2.0                 7.4             0.528             0.139         100.04         0.087           2807          0.139          0.138           0.215          0.115           0.237           0.268          0.123          0.109          0.177          0.178         0.169          0.145                0.337                   0.040                0.539               0.142               0.124                      469                         378                 374                   1318            3.49            3.494664
27.0                120.3                110.4                  9.9                 9.1             0.606             0.229         101.92         0.134           2960          0.229          0.245           0.249          0.253           0.152           0.128          0.298          0.253          0.311          0.026         0.188          0.219                0.474                   0.087                0.379               0.113               0.147                      477                         443                 384                   1366            5.00            5.002600
26.0                103.2                113.4                -10.2                10.8             0.513             0.179          98.64         0.084           2711          0.179          0.188           0.264          0.111           0.164           0.195          0.184          0.171          0.153          0.084         0.141          0.099                0.344                   0.038                0.568               0.140               0.088                      559                         340                 453                   1360            3.60            3.600522
25.0                109.7                111.6                 -1.9                 9.8             0.651             0.131         102.63         0.086           2456          0.131          0.148           0.277          0.079           0.091           0.169          0.220          0.134          0.167          0.218         0.224          0.096                0.267                   0.015                0.655               0.167               0.078                      459                         318                 373                   1262            3.65            3.653601
27.0                109.4                109.9                 -0.4                11.8             0.560             0.166         102.77         0.106           2083          0.166          0.182           0.125          0.201           0.408           0.266          0.194          0.205          0.169          0.333         0.351          0.233                0.595                   0.015                0.236               0.069               0.169                      344                         269                 260                    952            3.60            3.597248
23.0                116.8                111.5                  5.3                13.7             0.600             0.156         104.20         0.111           3074          0.156          0.186           0.046          0.178           0.513           0.298          0.081          0.177          0.165          0.509         0.300          0.197                0.764                   0.010                0.089               0.038               0.147                      618                         396                 511                   1372            4.58            4.578194

--- Medianwerte ---
AGE: 25.0
OFF_RATING_Advanced: 110.1
DEF_RATING_Advanced: 111.6
NET_RATING_Advanced: -1.8
E_TOV_PCT_Advanced: 9.8
EFG_PCT_Advanced: 0.541
USG_PCT_Advanced: 0.165
PACE_Advanced: 101.2
PIE_Advanced: 0.093
POSS_Advanced: 2590.0
USG_PCT_Usage: 0.165
PCT_FGM_Usage: 0.18
PCT_FG3M_Usage: 0.177
PCT_FTM_Usage: 0.148
PCT_OREB_Usage: 0.19
PCT_DREB_Usage: 0.207
PCT_AST_Usage: 0.157
PCT_TOV_Usage: 0.155
PCT_STL_Usage: 0.199
PCT_BLK_Usage: 0.18
PCT_PF_Usage: 0.223
PCT_PFD_Usage: 0.168
PCT_PTS_2PT_Scoring: 0.5
PCT_PTS_2PT_MR_Scoring: 0.034
PCT_PTS_3PT_Scoring: 0.367
PCT_PTS_FB_Scoring: 0.14
PCT_PTS_FT_Scoring: 0.135
OPP_PTS_OFF_TOV_Defense: 459.0
OPP_PTS_2ND_CHANCE_Defense: 356.0
OPP_PTS_FB_Defense: 400.0
OPP_PTS_PAINT_Defense: 1248.0
DEF_WS_Defense: 3.74
DEF_WS_RAW_Defense: 3.737690117931282
