Cluster 6 - Alle Spieler:

 USG_PCT  PCT_FGM  PCT_FG3M  PCT_FTM  PCT_OREB  PCT_DREB  PCT_AST  PCT_TOV  PCT_STL  PCT_BLK  PCT_PF  PCT_PFD  PCT_PTS
   0.169    0.207     0.081    0.202     0.435     0.319    0.132    0.135    0.158    0.308   0.233    0.203    0.192
   0.160    0.204     0.000    0.139     0.524     0.361    0.084    0.123    0.139    0.408   0.241    0.196    0.174
   0.166    0.222     0.010    0.137     0.382     0.304    0.166    0.142    0.205    0.541   0.196    0.246    0.183
   0.111    0.155     0.000    0.177     0.487     0.208    0.164    0.093    0.177    0.486   0.275    0.220    0.134
   0.136    0.183     0.000    0.160     0.399     0.264    0.104    0.175    0.128    0.438   0.350    0.185    0.154
   0.130    0.170     0.000    0.180     0.471     0.322    0.095    0.150    0.220    0.348   0.220    0.242    0.151
   0.201    0.227     0.232    0.201     0.438     0.371    0.119    0.133    0.112    0.358   0.231    0.225    0.224
   0.166    0.182     0.125    0.201     0.408     0.266    0.194    0.205    0.169    0.333   0.351    0.233    0.179
   0.073    0.091     0.016    0.126     0.416     0.202    0.226    0.107    0.188    0.420   0.403    0.212    0.090
   0.126    0.152     0.000    0.119     0.488     0.382    0.157    0.179    0.157    0.314   0.270    0.256    0.133
   0.161    0.203     0.000    0.219     0.557     0.379    0.183    0.213    0.163    0.416   0.298    0.245    0.186
   0.121    0.147     0.040    0.133     0.413     0.258    0.163    0.153    0.138    0.594   0.292    0.173    0.131
   0.125    0.148     0.006    0.136     0.487     0.338    0.185    0.127    0.223    0.363   0.310    0.187    0.128
   0.164    0.214     0.000    0.212     0.484     0.282    0.174    0.148    0.134    0.365   0.217    0.222    0.184
   0.127    0.129     0.000    0.150     0.532     0.283    0.184    0.202    0.177    0.346   0.214    0.286    0.118
   0.207    0.202     0.249    0.239     0.247     0.252    0.085    0.214    0.159    0.548   0.226    0.243    0.213
   0.162    0.194     0.194    0.159     0.417     0.268    0.097    0.114    0.159    0.427   0.213    0.165    0.188
   0.192    0.251     0.000    0.174     0.536     0.383    0.146    0.156    0.104    0.404   0.187    0.248    0.213
   0.149    0.189     0.014    0.169     0.382     0.323    0.143    0.161    0.105    0.520   0.201    0.223    0.164
   0.120    0.174     0.000    0.141     0.406     0.242    0.099    0.135    0.178    0.451   0.366    0.248    0.148
   0.101    0.107     0.017    0.085     0.458     0.225    0.205    0.187    0.176    0.512   0.324    0.146    0.091
   0.156    0.186     0.046    0.178     0.513     0.298    0.081    0.177    0.165    0.509   0.300    0.197    0.170
   0.150    0.204     0.003    0.140     0.425     0.234    0.089    0.107    0.208    0.250   0.258    0.166    0.174
   0.169    0.209     0.089    0.105     0.420     0.356    0.075    0.132    0.174    0.477   0.268    0.117    0.181
   0.157    0.176     0.187    0.128     0.274     0.153    0.104    0.122    0.133    0.565   0.191    0.136    0.170
   0.129    0.168     0.000    0.233     0.460     0.310    0.100    0.121    0.141    0.406   0.213    0.276    0.156
   0.141    0.164     0.000    0.195     0.478     0.279    0.097    0.134    0.109    0.462   0.219    0.232    0.152
   0.155    0.197     0.098    0.139     0.344     0.272    0.104    0.160    0.163    0.432   0.320    0.147    0.177
   0.143    0.163     0.036    0.105     0.351     0.289    0.090    0.130    0.219    0.416   0.197    0.116    0.141
   0.165    0.185     0.000    0.145     0.453     0.383    0.238    0.229    0.147    0.343   0.273    0.158    0.160
   0.142    0.177     0.009    0.174     0.480     0.329    0.194    0.166    0.186    0.490   0.252    0.205    0.160
   0.159    0.164     0.090    0.192     0.376     0.295    0.160    0.151    0.160    0.233   0.274    0.237    0.161
   0.135    0.179     0.000    0.206     0.428     0.258    0.065    0.220    0.166    0.600   0.350    0.261    0.165
   0.105    0.110     0.000    0.177     0.450     0.386    0.169    0.158    0.159    0.362   0.340    0.213    0.106
   0.169    0.194     0.000    0.285     0.473     0.350    0.075    0.195    0.099    0.437   0.304    0.249    0.183
   0.135    0.160     0.038    0.135     0.505     0.329    0.116    0.161    0.156    0.651   0.357    0.177    0.142
   0.145    0.146     0.054    0.153     0.311     0.247    0.198    0.162    0.242    0.309   0.230    0.155    0.137
   0.184    0.238     0.003    0.186     0.462     0.304    0.151    0.203    0.228    0.428   0.250    0.209    0.208
   0.133    0.192     0.012    0.130     0.527     0.346    0.106    0.132    0.176    0.687   0.209    0.188    0.161
   0.230    0.220     0.195    0.207     0.334     0.246    0.170    0.200    0.140    0.474   0.202    0.204    0.215

--- Medianwerte ---
USG_PCT: 0.1495
PCT_FGM: 0.1825
PCT_FG3M: 0.0095
PCT_FTM: 0.1645
PCT_OREB: 0.444
PCT_DREB: 0.2965
PCT_AST: 0.1375
PCT_TOV: 0.1545
PCT_STL: 0.1615
PCT_BLK: 0.4275
PCT_PF: 0.255
PCT_PFD: 0.2105
PCT_PTS: 0.1625
