Cluster 4 - Alle Spieler:

 PCT_OREB  PCT_DREB  PCT_AST  PCT_TOV  PCT_STL  PCT_BLK  PCT_PTS
    0.060     0.145    0.362    0.249    0.215    0.140    0.215
    0.046     0.131    0.317    0.161    0.216    0.077    0.175
    0.209     0.182    0.338    0.364    0.289    0.164    0.191
    0.058     0.125    0.353    0.234    0.210    0.056    0.199
    0.165     0.251    0.299    0.293    0.244    0.332    0.127
    0.052     0.133    0.332    0.161    0.251    0.121    0.170
    0.171     0.160    0.416    0.263    0.332    0.138    0.211
    0.094     0.132    0.438    0.196    0.264    0.168    0.224
    0.107     0.141    0.278    0.233    0.231    0.052    0.143
    0.240     0.271    0.458    0.307    0.207    0.240    0.100
    0.151     0.163    0.347    0.249    0.299    0.149    0.190
    0.078     0.096    0.315    0.217    0.204    0.084    0.127
    0.081     0.124    0.323    0.145    0.264    0.076    0.140
    0.095     0.175    0.251    0.206    0.256    0.099    0.189
    0.097     0.116    0.363    0.366    0.253    0.020    0.178
    0.082     0.120    0.345    0.205    0.322    0.093    0.188
    0.252     0.303    0.272    0.201    0.248    0.123    0.151
    0.058     0.122    0.321    0.184    0.195    0.154    0.189
    0.121     0.151    0.271    0.247    0.239    0.196    0.180
    0.108     0.120    0.403    0.263    0.222    0.101    0.223
    0.076     0.128    0.292    0.088    0.233    0.185    0.205
    0.093     0.232    0.282    0.270    0.256    0.189    0.223
    0.099     0.105    0.334    0.146    0.216    0.039    0.162
    0.098     0.146    0.280    0.238    0.244    0.234    0.215
    0.101     0.131    0.372    0.293    0.217    0.072    0.201
    0.060     0.154    0.310    0.277    0.186    0.204    0.220
    0.070     0.167    0.429    0.206    0.268    0.083    0.131
    0.110     0.095    0.278    0.241    0.316    0.092    0.136
    0.077     0.091    0.367    0.254    0.224    0.078    0.162
    0.077     0.161    0.461    0.323    0.250    0.096    0.145
    0.064     0.181    0.282    0.174    0.146    0.079    0.149
    0.082     0.197    0.318    0.238    0.235    0.100    0.209

--- Medianwerte ---
PCT_OREB: 0.0935
PCT_DREB: 0.143
PCT_AST: 0.3275
PCT_TOV: 0.238
PCT_STL: 0.2415
PCT_BLK: 0.1005
PCT_PTS: 0.184
