Cluster 5 - Alle Spieler:

 PCT_FGM  PCT_FG3M  PCT_FTM  PCT_OREB  PCT_DREB  PCT_AST  PCT_TOV  PCT_STL  PCT_BLK  PCT_PTS
   0.192     0.114    0.094     0.185     0.189    0.208    0.185    0.410    0.201    0.170
   0.167     0.158    0.096     0.193     0.142    0.154    0.109    0.194    0.106    0.155
   0.188     0.205    0.171     0.120     0.148    0.214    0.176    0.210    0.217    0.187
   0.204     0.236    0.175     0.156     0.189    0.173    0.188    0.261    0.171    0.204
   0.180     0.247    0.189     0.181     0.238    0.107    0.148    0.244    0.184    0.190
   0.262     0.172    0.177     0.396     0.327    0.178    0.169    0.175    0.261    0.240
   0.182     0.125    0.201     0.408     0.266    0.194    0.205    0.169    0.333    0.179
   0.184     0.181    0.213     0.196     0.276    0.130    0.216    0.212    0.247    0.188
   0.183     0.131    0.171     0.163     0.164    0.114    0.110    0.190    0.149    0.176
   0.186     0.103    0.205     0.136     0.212    0.123    0.183    0.226    0.131    0.179
   0.184     0.156    0.178     0.118     0.224    0.128    0.119    0.203    0.217    0.180
   0.214     0.105    0.081     0.229     0.212    0.143    0.140    0.267    0.162    0.180
   0.212     0.177    0.153     0.268     0.239    0.117    0.149    0.351    0.336    0.200
   0.223     0.252    0.168     0.185     0.263    0.133    0.154    0.176    0.151    0.219
   0.167     0.260    0.117     0.112     0.264    0.164    0.210    0.239    0.208    0.169
   0.199     0.233    0.111     0.216     0.278    0.179    0.135    0.165    0.169    0.191
   0.171     0.094    0.162     0.215     0.219    0.270    0.121    0.213    0.351    0.161
   0.180     0.209    0.133     0.157     0.147    0.226    0.221    0.326    0.200    0.177
   0.181     0.130    0.115     0.205     0.186    0.120    0.124    0.255    0.272    0.165
   0.225     0.239    0.144     0.189     0.257    0.147    0.169    0.164    0.304    0.215
   0.190     0.169    0.210     0.207     0.175    0.108    0.107    0.313    0.545    0.189
   0.201     0.183    0.209     0.113     0.173    0.182    0.174    0.252    0.099    0.200
   0.201     0.242    0.198     0.159     0.147    0.105    0.142    0.243    0.281    0.205
   0.179     0.187    0.154     0.350     0.238    0.154    0.172    0.161    0.163    0.176
   0.186     0.141    0.171     0.303     0.330    0.105    0.132    0.221    0.077    0.178
   0.161     0.163    0.120     0.182     0.156    0.119    0.165    0.195    0.121    0.153
   0.171     0.226    0.178     0.201     0.142    0.127    0.148    0.218    0.097    0.178
   0.206     0.173    0.177     0.333     0.334    0.169    0.193    0.211    0.204    0.197
   0.166     0.116    0.212     0.225     0.151    0.195    0.191    0.240    0.186    0.166

--- Medianwerte ---
PCT_FGM: 0.186
PCT_FG3M: 0.173
PCT_FTM: 0.171
PCT_OREB: 0.193
PCT_DREB: 0.212
PCT_AST: 0.147
PCT_TOV: 0.165
PCT_STL: 0.218
PCT_BLK: 0.2
PCT_PTS: 0.18
