Cluster 2 - Alle Spieler:

 PCT_STL_Usage  PCT_PTS_FB_Scoring  PCT_PTS_2PT_MR_Scoring  PCT_AST_Usage  PCT_BLK_Usage  PCT_DREB_Usage  PCT_PTS_FT_Scoring  PCT_PF_Usage  PCT_PTS_2PT_Scoring  PCT_OREB_Usage  PCT_PTS_3PT_Scoring  PCT_TOV_Usage  PCT_FG3M_Usage  PCT_PFD_Usage  PCT_FTM_Usage  USG_PCT_Advanced  PCT_FGM_Usage  OPP_PTS_OFF_TOV_Defense_AVG  OPP_PTS_FB_Defense_AVG  OPP_PTS_2ND_CHANCE_Defense_AVG  OPP_PTS_PAINT_Defense_AVG
         0.163               0.111                   0.076          0.516          0.041           0.110               0.267         0.132                0.378           0.052                0.355          0.411           0.278          0.366          0.435             0.285          0.225                     0.860532                0.896613                        0.849539                   0.980503
         0.410               0.183                   0.013          0.208          0.201           0.189               0.077         0.180                0.699           0.185                0.224          0.185           0.114          0.137          0.094             0.178          0.192                     0.858459                0.815364                        0.684399                   0.891259
         0.131               0.254                   0.034          0.078          0.189           0.147               0.112         0.204                0.499           0.183                0.389          0.148           0.236          0.167          0.191             0.203          0.208                     0.552910                0.586307                        0.428605                   0.568609
         0.208               0.194                   0.041          0.225          0.231           0.325               0.138         0.139                0.668           0.193                0.194          0.238           0.135          0.175          0.172             0.214          0.233                     1.000000                0.943079                        0.801549                   0.862899
         0.197               0.099                   0.087          0.307          0.127           0.313               0.185         0.182                0.427           0.080                0.388          0.332           0.251          0.331          0.419             0.301          0.290                     0.543764                0.722366                        0.737485                   0.877029
         0.203               0.103                   0.037          0.246          0.261           0.149               0.108         0.165                0.255           0.121                0.637          0.212           0.272          0.171          0.162             0.195          0.189                     0.481170                0.669595                        0.699925                   0.777025
         0.240               0.117                   0.092          0.233          0.074           0.185               0.176         0.210                0.575           0.172                0.249          0.316           0.147          0.349          0.337             0.282          0.270                     0.508596                0.695160                        0.674272                   0.798571
         0.232               0.114                   0.052          0.224          0.120           0.136               0.102         0.171                0.426           0.201                0.472          0.171           0.155          0.106          0.113             0.156          0.156                     0.423025                0.574316                        0.589604                   0.661669
         0.199               0.066                   0.051          0.126          0.426           0.234               0.197         0.319                0.425           0.291                0.378          0.182           0.243          0.420          0.382             0.253          0.265                     0.412316                0.605074                        0.526988                   0.538571
         0.224               0.130                   0.096          0.354          0.060           0.104               0.145         0.164                0.443           0.089                0.412          0.294           0.281          0.243          0.263             0.265          0.253                     0.584420                0.724334                        0.667461                   0.716017
         0.235               0.157                   0.099          0.279          0.079           0.169               0.175         0.165                0.414           0.111                0.411          0.261           0.311          0.314          0.369             0.298          0.283                     0.506148                0.562228                        0.646309                   0.659235
         0.151               0.118                   0.074          0.092          0.078           0.181               0.198         0.226                0.369           0.109                0.433          0.155           0.293          0.265          0.282             0.221          0.230                     0.598879                0.546900                        0.605445                   0.625978
         0.173               0.196                   0.028          0.189          0.188           0.182               0.181         0.162                0.397           0.102                0.422          0.184           0.342          0.276          0.300             0.229          0.242                     0.831881                1.000000                        0.958913                   0.959270
         0.143               0.150                   0.095          0.225          0.108           0.141               0.104         0.172                0.462           0.095                0.434          0.199           0.357          0.201          0.201             0.266          0.273                     0.727415                0.817498                        0.906904                   0.882143
         0.136               0.230                   0.126          0.096          0.148           0.156               0.133         0.106                0.321           0.077                0.546          0.148           0.326          0.140          0.166             0.204          0.193                     0.454517                0.579129                        0.696194                   0.562391
         0.288               0.172                   0.148          0.433          0.101           0.288               0.188         0.151                0.524           0.069                0.288          0.352           0.205          0.211          0.252             0.263          0.228                     0.764806                0.911182                        0.885463                   0.961417
         0.252               0.185                   0.161          0.182          0.099           0.173               0.150         0.188                0.522           0.113                0.328          0.174           0.183          0.183          0.209             0.199          0.201                     0.481713                0.555346                        0.475907                   0.546646
         0.179               0.219                   0.046          0.226          0.070           0.138               0.184         0.173                0.387           0.053                0.429          0.236           0.276          0.304          0.328             0.237          0.233                     0.740493                0.650477                        0.725445                   0.924665
         0.175               0.027                   0.070          0.178          0.261           0.327               0.089         0.214                0.624           0.396                0.287          0.169           0.172          0.225          0.177             0.221          0.262                     0.690417                0.674112                        0.708606                   0.915110
         0.253               0.196                   0.037          0.378          0.222           0.281               0.171         0.167                0.521           0.286                0.308          0.306           0.156          0.253          0.263             0.214          0.192                     0.649766                0.621938                        0.664396                   0.851863
         0.218               0.226                   0.007          0.245          0.142           0.134               0.109         0.190                0.562           0.099                0.329          0.161           0.135          0.128          0.134             0.163          0.182                     0.662829                0.630737                        0.793388                   0.876087
         0.216               0.118                   0.062          0.317          0.077           0.131               0.224         0.156                0.401           0.046                0.375          0.161           0.206          0.238          0.239             0.175          0.157                     0.486248                0.589556                        0.640304                   0.687204
         0.183               0.148                   0.056          0.129          0.149           0.156               0.173         0.168                0.366           0.095                0.461          0.149           0.222          0.134          0.158             0.150          0.138                     0.450261                0.530565                        0.650958                   0.715217
         0.163               0.133                   0.135          0.132          0.124           0.150               0.066         0.115                0.289           0.102                0.645          0.167           0.401          0.076          0.111             0.214          0.206                     0.501094                0.567237                        0.665971                   0.689565
         0.224               0.165                   0.050          0.209          0.057           0.195               0.142         0.164                0.661           0.205                0.197          0.200           0.133          0.154          0.174             0.197          0.219                     0.560080                0.526769                        0.701663                   0.737486
         0.212               0.141                   0.029          0.130          0.247           0.276               0.171         0.180                0.502           0.196                0.327          0.216           0.181          0.221          0.213             0.198          0.184                     0.653576                0.712609                        0.755912                   0.832059
         0.218               0.122                   0.115          0.245          0.099           0.148               0.159         0.145                0.491           0.139                0.350          0.213           0.284          0.240          0.299             0.264          0.277                     0.769278                0.672271                        1.000000                   0.960191
         0.224               0.080                   0.125          0.187          0.526           0.381               0.227         0.177                0.690           0.412                0.083          0.234           0.090          0.390          0.431             0.301          0.321                     0.639593                0.755529                        0.781042                   0.846829
         0.204               0.177                   0.129          0.173          0.225           0.166               0.171         0.186                0.517           0.220                0.312          0.161           0.120          0.163          0.133             0.143          0.136                     0.544858                0.489042                        0.517282                   0.600261
         0.190               0.331                   0.026          0.114          0.149           0.164               0.146         0.188                0.635           0.163                0.219          0.110           0.131          0.136          0.171             0.155          0.183                     0.663740                0.733238                        0.824972                   0.893258
         0.119               0.174                   0.077          0.095          0.143           0.220               0.107         0.173                0.479           0.223                0.414          0.138           0.291          0.137          0.159             0.197          0.212                     0.735599                0.859216                        0.795629                   0.921892
         0.295               0.076                   0.058          0.390          0.194           0.377               0.174         0.183                0.626           0.332                0.200          0.330           0.209          0.395          0.346             0.285          0.304                     0.742044                0.817822                        0.848289                   0.981702
         0.238               0.138                   0.174          0.260          0.144           0.127               0.152         0.156                0.522           0.081                0.326          0.216           0.247          0.227          0.249             0.235          0.227                     0.731278                0.847001                        0.883603                   0.998579
         0.289               0.163                   0.046          0.338          0.164           0.182               0.155         0.232                0.561           0.209                0.284          0.364           0.195          0.197          0.190             0.230          0.191                     0.614880                0.685589                        0.661740                   0.676226
         0.096               0.139                   0.070          0.169          0.121           0.164               0.194         0.166                0.505           0.242                0.301          0.166           0.203          0.222          0.254             0.186          0.187                     0.605612                0.582817                        0.564397                   0.693887
         0.176               0.086                   0.076          0.285          0.140           0.175               0.162         0.104                0.295           0.070                0.543          0.299           0.408          0.291          0.343             0.286          0.276                     0.630635                0.729609                        0.601566                   0.725901
         0.244               0.098                   0.036          0.299          0.332           0.251               0.164         0.296                0.444           0.165                0.392          0.293           0.120          0.218          0.138             0.157          0.126                     0.529154                0.515602                        0.522331                   0.559898
         0.228               0.150                   0.064          0.287          0.121           0.147               0.342         0.093                0.558           0.310                0.100          0.155           0.059          0.393          0.444             0.203          0.208                     0.541834                0.663686                        0.585546                   0.713304
         0.153               0.152                   0.092          0.221          0.103           0.180               0.159         0.123                0.434           0.056                0.407          0.264           0.340          0.231          0.290             0.267          0.256                     0.645621                0.641618                        0.705398                   0.837211
         0.147               0.179                   0.095          0.112          0.070           0.121               0.094         0.254                0.376           0.111                0.530          0.120           0.299          0.114          0.120             0.176          0.186                     0.511947                0.543930                        0.687485                   0.764852
         0.241               0.203                   0.054          0.241          0.346           0.244               0.175         0.191                0.748           0.284                0.077          0.225           0.045          0.199          0.217             0.172          0.196                     0.548663                0.533349                        0.714101                   0.770907
         0.251               0.159                   0.114          0.332          0.121           0.133               0.132         0.168                0.303           0.052                0.565          0.161           0.289          0.130          0.144             0.176          0.158                     0.532166                0.524860                        0.746126                   0.848957
         0.096               0.143                   0.077          0.075          0.232           0.230               0.149         0.185                0.430           0.200                0.421          0.122           0.221          0.169          0.172             0.160          0.165                     0.551307                0.538959                        0.498087                   0.658330
         0.220               0.085                   0.054          0.463          0.214           0.207               0.280         0.156                0.329           0.090                0.391          0.398           0.320          0.352          0.478             0.286          0.220                     0.764452                0.737836                        0.662030                   0.810837
         0.188               0.192                   0.043          0.114          0.051           0.122               0.163         0.157                0.426           0.051                0.411          0.181           0.357          0.269          0.299             0.255          0.261                     0.668709                0.655018                        0.553039                   0.705391
         0.241               0.158                   0.176          0.167          0.150           0.220               0.123         0.139                0.583           0.162                0.294          0.241           0.262          0.294          0.260             0.280          0.282                     0.476492                0.540036                        0.528299                   0.652444
         0.201               0.117                   0.035          0.294          0.097           0.152               0.217         0.173                0.376           0.129                0.407          0.247           0.276          0.302          0.309             0.230          0.215                     0.705524                0.895533                        0.804121                   0.896528
         0.186               0.191                   0.111          0.424          0.171           0.285               0.152         0.117                0.587           0.155                0.261          0.363           0.226          0.274          0.286             0.291          0.309                     0.729666                0.841173                        0.826835                   0.875118
         0.158               0.156                   0.052          0.080          0.149           0.164               0.112         0.163                0.493           0.223                0.395          0.093           0.202          0.112          0.124             0.156          0.181                     0.568149                0.681259                        0.667461                   0.741584
         0.285               0.111                   0.087          0.397          0.121           0.299               0.220         0.188                0.403           0.102                0.377          0.369           0.312          0.413          0.448             0.328          0.291                     0.701532                0.844805                        0.731824                   0.809617
         0.151               0.158                   0.063          0.284          0.077           0.195               0.156         0.100                0.435           0.064                0.409          0.260           0.315          0.242          0.319             0.271          0.280                     0.712069                0.725954                        0.734331                   0.883134
         0.220               0.070                   0.116          0.233          0.280           0.307               0.178         0.185                0.654           0.352                0.168          0.217           0.103          0.333          0.292             0.232          0.247                     0.613870                0.642328                        0.609700                   0.784783
         0.189               0.108                   0.072          0.154          0.281           0.140               0.182         0.147                0.456           0.198                0.362          0.178           0.236          0.254          0.337             0.238          0.246                     0.610941                0.617181                        0.551251                   0.659043
         0.133               0.010                   0.054          0.104          0.565           0.153               0.109         0.191                0.490           0.274                0.401          0.122           0.187          0.136          0.128             0.157          0.176                     0.571554                0.719718                        0.636621                   0.717543
         0.169               0.162                   0.123          0.342          0.333           0.387               0.214         0.181                0.765           0.375                0.021          0.342           0.022          0.519          0.497             0.346          0.383                     0.616055                0.720955                        0.673865                   0.758657
         0.249               0.085                   0.109          0.375          0.048           0.156               0.251         0.122                0.341           0.079                0.408          0.288           0.316          0.339          0.440             0.269          0.244                     0.720818                0.850880                        0.752538                   0.884273
         0.124               0.188                   0.058          0.153          0.118           0.229               0.133         0.166                0.568           0.150                0.299          0.243           0.188          0.217          0.191             0.233          0.230                     0.659721                0.760843                        0.636105                   0.713304
         0.199               0.128                   0.073          0.241          0.167           0.197               0.191         0.142                0.368           0.093                0.441          0.293           0.356          0.300          0.392             0.307          0.296                     0.788383                0.737836                        0.754364                   0.876946
         0.255               0.133                   0.068          0.120          0.272           0.186               0.104         0.232                0.596           0.205                0.300          0.124           0.130          0.133          0.115             0.160          0.181                     0.636014                0.641618                        0.636065                   0.714793
         0.134               0.127                   0.051          0.274          0.072           0.224               0.209         0.213                0.539           0.286                0.252          0.292           0.157          0.286          0.329             0.246          0.243                     0.711921                0.674166                        0.669016                   0.808261
         0.192               0.158                   0.062          0.197          0.160           0.173               0.188         0.135                0.366           0.140                0.446          0.177           0.296          0.238          0.316             0.224          0.246                     0.715766                0.777926                        0.614767                   0.770183
         0.147               0.184                   0.148          0.173          0.176           0.095               0.066         0.122                0.593           0.105                0.341          0.161           0.214          0.108          0.090             0.192          0.215                     0.683087                0.780044                        0.757726                   0.966246
         0.248               0.200                   0.046          0.272          0.123           0.303               0.151         0.198                0.609           0.252                0.240          0.201           0.114          0.159          0.157             0.151          0.155                     0.668078                0.790816                        0.762194                   0.970339
         0.243               0.186                   0.038          0.105          0.281           0.147               0.138         0.189                0.477           0.159                0.385          0.142           0.242          0.163          0.198             0.195          0.201                     0.626589                0.765827                        0.737042                   0.898085
         0.174               0.055                   0.040          0.146          0.281           0.423               0.193         0.280                0.565           0.395                0.242          0.290           0.223          0.332          0.379             0.265          0.272                     0.556893                0.661828                        0.667461                   0.886449
         0.163               0.092                   0.121          0.369          0.047           0.109               0.218         0.177                0.512           0.053                0.270          0.265           0.272          0.431          0.438             0.289          0.281                     0.642754                0.777608                        0.707069                   0.908435
         0.205               0.183                   0.087          0.289          0.114           0.228               0.133         0.166                0.496           0.106                0.371          0.242           0.256          0.151          0.219             0.227          0.239                     0.797545                0.718912                        0.773177                   0.723724
         0.194               0.155                   0.061          0.281          0.085           0.214               0.187         0.174                0.598           0.127                0.215          0.251           0.232          0.289          0.346             0.306          0.319                     0.583370                0.603560                        0.592372                   0.699739
         0.133               0.145                   0.153          0.304          0.167           0.284               0.235         0.150                0.546           0.142                0.219          0.305           0.238          0.388          0.440             0.330          0.330                     0.705642                0.691933                        0.653469                   0.778771
         0.232               0.150                   0.081          0.267          0.236           0.182               0.171         0.224                0.427           0.106                0.402          0.301           0.341          0.301          0.266             0.268          0.248                     0.628384                0.440323                        0.376298                   0.585404
         0.153               0.140                   0.100          0.168          0.155           0.233               0.143         0.197                0.617           0.284                0.240          0.169           0.181          0.270          0.262             0.237          0.266                     0.505807                0.430444                        0.711470                   0.776957
         0.264               0.130                   0.110          0.438          0.168           0.132               0.139         0.102                0.380           0.094                0.481          0.196           0.290          0.184          0.217             0.210          0.214                     0.570636                0.533547                        0.761507                   0.912323
         0.159               0.040                   0.071          0.085          0.548           0.252               0.164         0.226                0.418           0.247                0.418          0.214           0.249          0.243          0.239             0.207          0.202                     0.515317                0.390667                        0.631704                   0.728188
         0.131               0.240                   0.069          0.110          0.097           0.199               0.239         0.194                0.507           0.210                0.254          0.220           0.174          0.281          0.337             0.222          0.206                     0.562363                0.422198                        0.625745                   0.729130
         0.231               0.150                   0.172          0.278          0.052           0.141               0.166         0.215                0.600           0.107                0.234          0.233           0.097          0.178          0.164             0.163          0.145                     0.452483                0.412981                        0.584945                   0.700783
         0.214               0.173                   0.022          0.109          0.168           0.219               0.154         0.214                0.611           0.226                0.235          0.139           0.133          0.205          0.184             0.186          0.203                     0.710722                0.801823                        0.764005                   0.882870
         0.228               0.174                   0.068          0.227          0.099           0.203               0.148         0.176                0.407           0.129                0.445          0.242           0.297          0.217          0.213             0.218          0.225                     0.526652                0.554827                        0.667461                   0.625583
         0.228               0.178                   0.061          0.337          0.130           0.138               0.185         0.149                0.462           0.038                0.353          0.242           0.291          0.277          0.327             0.293          0.294                     0.723952                0.870511                        0.917072                   1.000000
         0.161               0.124                   0.008          0.154          0.163           0.238               0.130         0.220                0.464           0.350                0.406          0.172           0.187          0.187          0.154             0.163          0.179                     0.449453                0.488321                        0.606164                   0.645478
         0.256               0.081                   0.195          0.282          0.189           0.232               0.119         0.197                0.448           0.093                0.433          0.270           0.266          0.214          0.160             0.233          0.230                     0.641778                0.661551                        0.633449                   0.722238
         0.216               0.178                   0.076          0.112          0.157           0.157               0.072         0.214                0.463           0.188                0.465          0.155           0.210          0.093          0.088             0.165          0.174                     0.505669                0.559670                        0.757666                   0.678775
         0.168               0.134                   0.175          0.323          0.061           0.122               0.225         0.186                0.490           0.135                0.285          0.280           0.216          0.380          0.450             0.285          0.271                     0.791335                0.941061                        0.876281                   0.948435
         0.158               0.103                   0.185          0.196          0.339           0.220               0.184         0.121                0.525           0.060                0.291          0.275           0.243          0.364          0.364             0.283          0.298                     0.875344                0.922899                        0.838748                   0.904530
         0.216               0.117                   0.055          0.334          0.039           0.105               0.061         0.080                0.338           0.099                0.601          0.146           0.239          0.093          0.073             0.160          0.165                     0.519572                0.638145                        0.566812                   0.618180
         0.216               0.102                   0.124          0.204          0.158           0.124               0.122         0.206                0.539           0.123                0.339          0.190           0.218          0.181          0.192             0.219          0.239                     0.718922                0.874926                        0.618886                   0.726358
         0.265               0.163                   0.000          0.135          0.187           0.169               0.103         0.234                0.438           0.246                0.459          0.129           0.195          0.212          0.104             0.143          0.152                     0.817876                0.848391                        0.771981                   0.754348
         0.161               0.103                   0.098          0.309          0.020           0.108               0.130         0.132                0.392           0.041                0.478          0.203           0.333          0.159          0.226             0.241          0.255                     0.697030                0.799661                        0.796186                   0.742373
         0.164               0.220                   0.120          0.180          0.066           0.176               0.143         0.137                0.527           0.118                0.330          0.209           0.244          0.215          0.251             0.250          0.259                     0.703501                0.763987                        0.698749                   0.769638
         0.204               0.177                   0.020          0.255          0.150           0.290               0.238         0.206                0.454           0.182                0.308          0.284           0.209          0.336          0.372             0.228          0.217                     0.624726                0.738762                        0.679380                   0.657536
         0.217               0.115                   0.057          0.372          0.072           0.131               0.189         0.245                0.435           0.101                0.376          0.293           0.221          0.256          0.236             0.220          0.190                     0.649493                0.569301                        0.621953                   0.564704
         0.161               0.130                   0.059          0.139          0.231           0.136               0.208         0.173                0.313           0.065                0.479          0.132           0.268          0.201          0.258             0.192          0.173                     0.770753                0.791519                        0.790708                   0.710130
         0.146               0.037                   0.343          0.227          0.134           0.131               0.221         0.143                0.632           0.081                0.147          0.148           0.122          0.297          0.375             0.244          0.249                     0.678309                0.668167                        0.764980                   0.847019
         0.158               0.193                   0.051          0.075          0.295           0.194               0.064         0.183                0.446           0.266                0.490          0.085           0.233          0.081          0.066             0.148          0.156                     0.654267                0.553696                        0.732388                   0.780595
         0.156               0.193                   0.099          0.206          0.054           0.155               0.136         0.131                0.448           0.043                0.416          0.270           0.301          0.256          0.290             0.251          0.264                     0.743687                0.810004                        0.822569                   0.986992
         0.125               0.071                   0.043          0.304          0.129           0.415               0.163         0.247                0.691           0.494                0.146          0.299           0.107          0.302          0.252             0.213          0.238                     0.680150                0.590804                        0.684318                   0.802447
         0.186               0.166                   0.066          0.310          0.204           0.154               0.138         0.194                0.489           0.060                0.373          0.277           0.262          0.186          0.196             0.236          0.219                     0.596701                0.524744                        0.679013                   0.737304
         0.268               0.077                   0.169          0.429          0.083           0.167               0.117         0.199                0.302           0.070                0.581          0.206           0.196          0.105          0.113             0.137          0.123                     0.477504                0.588462                        0.624291                   0.627943
         0.251               0.135                   0.110          0.309          0.124           0.161               0.180         0.190                0.577           0.111                0.243          0.302           0.209          0.307          0.335             0.274          0.265                     0.670784                0.583104                        0.883733                   0.872805
         0.108               0.102                   0.024          0.102          0.056           0.139               0.159         0.105                0.378           0.196                0.463          0.082           0.227          0.182          0.218             0.157          0.177                     0.473662                0.591785                        0.615134                   0.633733
         0.197               0.188                   0.057          0.268          0.091           0.145               0.210         0.210                0.551           0.176                0.239          0.288           0.152          0.324          0.323             0.253          0.227                     0.550693                0.522674                        0.701894                   0.650837
         0.243               0.149                   0.167          0.161          0.147           0.169               0.092         0.157                0.453           0.076                0.455          0.155           0.276          0.141          0.145             0.217          0.230                     0.660421                0.624938                        0.788141                   0.798723
         0.214               0.102                   0.102          0.176          0.749           0.389               0.141         0.230                0.477           0.265                0.382          0.338           0.300          0.391          0.311             0.300          0.309                     0.652554                0.717596                        0.805047                   0.719792
         0.230               0.117                   0.140          0.337          0.231           0.169               0.242         0.148                0.561           0.114                0.197          0.309           0.203          0.466          0.616             0.336          0.346                     0.427272                0.522630                        0.876357                   0.680641
         0.210               0.160                   0.129          0.280          0.168           0.201               0.158         0.173                0.592           0.125                0.250          0.270           0.205          0.283          0.303             0.270          0.271                     0.443630                0.518872                        0.796497                   0.655898
         0.262               0.146                   0.128          0.305          0.320           0.266               0.182         0.125                0.636           0.197                0.182          0.278           0.151          0.299          0.314             0.262          0.259                     0.658509                0.670036                        0.697167                   0.754000
         0.156               0.219                   0.028          0.275          0.115           0.239               0.161         0.170                0.577           0.135                0.262          0.277           0.242          0.330          0.333             0.281          0.273                     0.722176                0.695881                        0.735892                   0.774348
         0.209               0.241                   0.018          0.095          0.196           0.149               0.051         0.161                0.495           0.155                0.454          0.095           0.248          0.074          0.061             0.144          0.179                     0.616111                0.569602                        0.592037                   0.594185
         0.198               0.183                   0.098          0.101          0.068           0.142               0.171         0.168                0.389           0.117                0.440          0.164           0.295          0.213          0.261             0.209          0.190                     0.646973                0.680746                        0.673421                   0.725362
         0.170               0.184                   0.060          0.373          0.054           0.159               0.197         0.165                0.351           0.067                0.452          0.226           0.378          0.278          0.340             0.246          0.236                     0.457330                0.532153                        0.573193                   0.613004
         0.161               0.095                   0.052          0.344          0.046           0.162               0.207         0.136                0.329           0.048                0.464          0.244           0.292          0.266          0.285             0.237          0.206                     0.890003                0.970336                        0.856386                   0.865964
         0.250               0.252                   0.042          0.461          0.096           0.161               0.171         0.200                0.624           0.077                0.205          0.323           0.081          0.190          0.161             0.186          0.152                     0.642617                0.619782                        0.579832                   0.601917
         0.211               0.134                   0.062          0.282          0.034           0.091               0.187         0.209                0.528           0.128                0.285          0.252           0.217          0.305          0.356             0.264          0.279                     0.762426                0.850830                        0.628299                   0.682298
         0.173               0.137                   0.031          0.089          0.120           0.196               0.182         0.134                0.354           0.173                0.464          0.125           0.313          0.267          0.296             0.231          0.237                     0.836119                0.837888                        0.660614                   0.744764
         0.239               0.096                   0.053          0.121          0.284           0.265               0.183         0.241                0.583           0.263                0.234          0.213           0.170          0.301          0.294             0.234          0.268                     0.866958                0.748095                        0.629917                   0.679391
         0.229               0.061                   0.041          0.120          0.409           0.199               0.189         0.260                0.544           0.159                0.267          0.220           0.249          0.330          0.333             0.274          0.290                     0.623396                0.656613                        0.629772                   0.597450
         0.165               0.138                   0.032          0.179          0.169           0.278               0.080         0.110                0.476           0.216                0.444          0.135           0.233          0.125          0.111             0.179          0.199                     0.563979                0.601581                        0.561841                   0.552609
         0.210               0.174                   0.055          0.430          0.075           0.154               0.227         0.163                0.545           0.082                0.228          0.371           0.216          0.371          0.419             0.312          0.283                     0.722013                0.661374                        0.637426                   0.683461
         0.146               0.157                   0.169          0.282          0.079           0.181               0.086         0.189                0.401           0.064                0.513          0.174           0.203          0.131          0.094             0.154          0.149                     0.715750                0.760111                        0.768191                   0.782619
         0.246               0.163                   0.036          0.290          0.119           0.124               0.174         0.235                0.319           0.074                0.507          0.310           0.403          0.364          0.364             0.281          0.277                     0.707556                0.749297                        0.774732                   0.783325
         0.240               0.238                   0.044          0.195          0.186           0.151               0.190         0.169                0.550           0.225                0.260          0.191           0.116          0.189          0.212             0.175          0.166                     0.881912                0.822857                        0.902002                   0.924370
         0.140               0.102                   0.062          0.170          0.474           0.246               0.129         0.202                0.509           0.334                0.362          0.200           0.195          0.204          0.207             0.230          0.220                     0.586662                0.657254                        0.739509                   0.686781
         0.239               0.181                   0.024          0.175          0.248           0.188               0.118         0.261                0.302           0.129                0.580          0.166           0.220          0.138          0.114             0.156          0.138                     0.621830                0.542310                        0.646954                   0.583836
         0.115               0.155                   0.006          0.117          0.090           0.130               0.106         0.144                0.383           0.101                0.511          0.116           0.263          0.097          0.132             0.169          0.189                     0.631668                0.592420                        0.621739                   0.570314
         0.172               0.107                   0.095          0.466          0.199           0.213               0.171         0.188                0.585           0.099                0.244          0.404           0.241          0.297          0.359             0.323          0.305                     0.760050                0.708853                        0.777797                   0.785006
         0.203               0.160                   0.104          0.128          0.217           0.224               0.143         0.148                0.585           0.118                0.272          0.119           0.156          0.137          0.178             0.173          0.184                     0.660202                0.643014                        0.616030                   0.657743
         0.210               0.053                   0.131          0.353          0.056           0.125               0.184         0.192                0.427           0.058                0.389          0.234           0.201          0.232          0.227             0.211          0.193                     0.539256                0.517293                        0.585936                   0.631913
         0.149               0.096                   0.026          0.229          0.232           0.282               0.170         0.121                0.505           0.150                0.325          0.220           0.262          0.240          0.334             0.273          0.277                     0.697347                0.754054                        0.659081                   0.751033
         0.213               0.108                   0.056          0.414          0.090           0.181               0.163         0.247                0.383           0.116                0.454          0.358           0.357          0.367          0.398             0.342          0.314                     0.675218                0.731624                        0.637791                   0.737549

--- Medianwerte ---
PCT_STL_Usage: 0.203
PCT_PTS_FB_Scoring: 0.147
PCT_PTS_2PT_MR_Scoring: 0.067
PCT_AST_Usage: 0.228
PCT_BLK_Usage: 0.1455
PCT_DREB_Usage: 0.1755
PCT_PTS_FT_Scoring: 0.163
PCT_PF_Usage: 0.173
PCT_PTS_2PT_Scoring: 0.4895
PCT_OREB_Usage: 0.1285
PCT_PTS_3PT_Scoring: 0.372
PCT_TOV_Usage: 0.2165
PCT_FG3M_Usage: 0.2295
PCT_PFD_Usage: 0.235
PCT_FTM_Usage: 0.253
USG_PCT_Advanced: 0.2295
PCT_FGM_Usage: 0.2275
OPP_PTS_OFF_TOV_Defense_AVG: 0.6441873545145148
OPP_PTS_FB_Defense_AVG: 0.668880833823112
OPP_PTS_2ND_CHANCE_Defense_AVG: 0.6818491401328111
OPP_PTS_PAINT_Defense_AVG: 0.7435683890577506
