Cluster 1 - Alle Spieler:

 PCT_STL_Usage  PCT_PTS_FB_Scoring  PCT_PTS_2PT_MR_Scoring  PCT_AST_Usage  PCT_BLK_Usage  PCT_DREB_Usage  PCT_PTS_FT_Scoring  PCT_PF_Usage  PCT_PTS_2PT_Scoring  PCT_OREB_Usage  PCT_PTS_3PT_Scoring  PCT_TOV_Usage  PCT_FG3M_Usage  PCT_PFD_Usage  PCT_FTM_Usage  USG_PCT_Advanced  PCT_FGM_Usage  OPP_PTS_OFF_TOV_Defense_AVG  OPP_PTS_FB_Defense_AVG  OPP_PTS_2ND_CHANCE_Defense_AVG  OPP_PTS_PAINT_Defense_AVG
         0.103               0.091                   0.015          0.109          0.093           0.196               0.059         0.285                0.306           0.127                0.635          0.185           0.295          0.087          0.072             0.177          0.184                     0.269867                0.314835                        0.416258                   0.367821
         0.210               0.186                   0.021          0.214          0.217           0.148               0.142         0.162                0.448           0.120                0.410          0.176           0.205          0.171          0.171             0.191          0.188                     0.392095                0.393663                        0.548458                   0.509402
         0.194               0.226                   0.077          0.154          0.106           0.142               0.091         0.204                0.561           0.193                0.348          0.109           0.158          0.125          0.096             0.145          0.167                     0.365623                0.355015                        0.358458                   0.391181
         0.167               0.167                   0.015          0.220          0.218           0.169               0.078         0.224                0.267           0.091                0.655          0.134           0.277          0.096          0.079             0.131          0.148                     0.382702                0.336634                        0.300483                   0.406064
         0.198               0.118                   0.042          0.242          0.058           0.133               0.062         0.152                0.269           0.176                0.669          0.154           0.310          0.101          0.098             0.186          0.212                     0.324398                0.386001                        0.537396                   0.553065
         0.159               0.074                   0.007          0.139          0.283           0.240               0.063         0.153                0.301           0.212                0.636          0.123           0.172          0.066          0.069             0.136          0.135                     0.284026                0.444647                        0.417163                   0.560696
         0.188               0.155                   0.056          0.076          0.079           0.171               0.018         0.174                0.159           0.114                0.823          0.064           0.278          0.055          0.025             0.140          0.160                     0.148889                0.198998                        0.338095                   0.372645
         0.215               0.143                   0.012          0.138          0.114           0.121               0.055         0.223                0.138           0.121                0.807          0.097           0.289          0.097          0.058             0.140          0.136                     0.219897                0.178535                        0.318454                   0.255144
         0.311               0.113                   0.087          0.298          0.026           0.128               0.147         0.188                0.474           0.152                0.379          0.253           0.249          0.219          0.253             0.229          0.245                     0.285152                0.240547                        0.380896                   0.317006
         0.138               0.140                   0.000          0.202          0.118           0.179               0.059         0.220                0.221           0.174                0.720          0.150           0.268          0.112          0.060             0.143          0.141                     0.430547                0.514266                        0.495828                   0.516609
         0.267               0.202                   0.000          0.086          0.238           0.192               0.158         0.211                0.444           0.187                0.398          0.092           0.134          0.151          0.124             0.113          0.115                     0.276612                0.471533                        0.331452                   0.350435
         0.180               0.094                   0.006          0.105          0.180           0.224               0.050         0.228                0.200           0.181                0.750          0.067           0.185          0.065          0.037             0.101          0.097                     0.250380                0.393446                        0.323832                   0.378312
         0.322               0.130                   0.031          0.345          0.093           0.120               0.104         0.173                0.321           0.082                0.575          0.205           0.314          0.142          0.128             0.193          0.180                     0.472804                0.543454                        0.613826                   0.503043
         0.191               0.144                   0.048          0.131          0.064           0.252               0.110         0.178                0.488           0.340                0.402          0.125           0.166          0.112          0.122             0.140          0.153                     0.373782                0.382183                        0.331022                   0.356087
         0.219               0.147                   0.059          0.165          0.116           0.205               0.156         0.182                0.606           0.175                0.238          0.139           0.140          0.144          0.175             0.169          0.171                     0.409297                0.362551                        0.455536                   0.414539
         0.240               0.159                   0.032          0.154          0.154           0.147               0.052         0.194                0.367           0.082                0.581          0.140           0.272          0.070          0.061             0.171          0.169                     0.479022                0.299092                        0.494896                   0.512382
         0.181               0.085                   0.046          0.133          0.232           0.165               0.106         0.159                0.385           0.138                0.509          0.173           0.194          0.123          0.114             0.165          0.149                     0.537355                0.428504                        0.536353                   0.638157
         0.134               0.188                   0.015          0.087          0.419           0.194               0.128         0.236                0.453           0.168                0.419          0.153           0.210          0.155          0.174             0.181          0.186                     0.341138                0.297464                        0.340286                   0.343652
         0.210               0.194                   0.005          0.062          0.180           0.126               0.164         0.245                0.426           0.255                0.410          0.082           0.141          0.139          0.146             0.126          0.130                     0.170152                0.082644                        0.194928                   0.172928
         0.267               0.233                   0.006          0.175          0.129           0.120               0.151         0.284                0.509           0.165                0.340          0.164           0.128          0.152          0.152             0.142          0.144                     0.199424                0.124292                        0.113475                   0.161590
         0.181               0.141                   0.065          0.185          0.062           0.130               0.121         0.249                0.419           0.049                0.460          0.278           0.344          0.178          0.173             0.244          0.234                     0.266613                0.199627                        0.212032                   0.231144
         0.167               0.160                   0.034          0.102          0.116           0.127               0.125         0.271                0.395           0.054                0.480          0.130           0.289          0.168          0.135             0.173          0.172                     0.378556                0.414378                        0.426515                   0.379391
         0.183               0.165                   0.080          0.268          0.067           0.115               0.030         0.158                0.370           0.094                0.600          0.121           0.235          0.033          0.027             0.130          0.132                     0.142232                0.092661                        0.117973                   0.089858
         0.203               0.198                   0.039          0.120          0.132           0.171               0.058         0.169                0.274           0.103                0.668          0.166           0.334          0.070          0.085             0.196          0.206                     0.337247                0.372518                        0.369197                   0.431082
         0.195               0.143                   0.088          0.219          0.080           0.224               0.096         0.150                0.442           0.147                0.462          0.165           0.209          0.174          0.112             0.177          0.198                     0.389633                0.365285                        0.436159                   0.487147
         0.173               0.160                   0.014          0.095          0.207           0.123               0.147         0.177                0.331           0.129                0.522          0.117           0.236          0.158          0.178             0.170          0.177                     0.323201                0.358421                        0.278968                   0.338978
         0.267               0.155                   0.005          0.143          0.162           0.212               0.067         0.263                0.700           0.229                0.233          0.140           0.105          0.101          0.081             0.156          0.214                     0.167643                0.120279                        0.176093                   0.155161
         0.197               0.277                   0.059          0.130          0.169           0.213               0.113         0.130                0.478           0.134                0.409          0.169           0.273          0.146          0.194             0.231          0.248                     0.210194                0.192879                        0.236276                   0.270972
         0.141               0.082                   0.065          0.204          0.120           0.108               0.100         0.195                0.265           0.057                0.635          0.154           0.317          0.163          0.147             0.162          0.167                     0.110468                0.069017                        0.106886                   0.090617
         0.212               0.236                   0.010          0.058          0.193           0.132               0.106         0.214                0.594           0.224                0.300          0.115           0.156          0.149          0.128             0.160          0.186                     0.431754                0.480656                        0.342863                   0.461203
         0.328               0.192                   0.021          0.216          0.173           0.161               0.031         0.308                0.494           0.150                0.475          0.139           0.166          0.056          0.025             0.126          0.123                     0.467976                0.428367                        0.341301                   0.428801
         0.133               0.286                   0.089          0.092          0.043           0.109               0.166         0.168                0.399           0.087                0.435          0.077           0.233          0.144          0.180             0.150          0.168                     0.497812                0.471385                        0.418653                   0.477609
         0.209               0.099                   0.019          0.128          0.247           0.173               0.055         0.205                0.102           0.165                0.843          0.084           0.236          0.040          0.033             0.087          0.092                     0.236156                0.241844                        0.190245                   0.211739
         0.169               0.129                   0.086          0.198          0.087           0.142               0.100         0.232                0.360           0.077                0.540          0.195           0.284          0.136          0.114             0.183          0.179                     0.416484                0.489042                        0.341677                   0.450290
         0.192               0.124                   0.007          0.092          0.151           0.136               0.055         0.189                0.240           0.245                0.705          0.110           0.219          0.057          0.042             0.123          0.125                     0.501094                0.500573                        0.636813                   0.632774
         0.217               0.070                   0.065          0.125          0.090           0.070               0.032         0.259                0.257           0.067                0.711          0.094           0.235          0.073          0.026             0.131          0.133                     0.333698                0.409586                        0.375447                   0.395652
         0.115               0.190                   0.042          0.083          0.068           0.185               0.091         0.164                0.365           0.121                0.544          0.084           0.326          0.099          0.117             0.181          0.206                     0.295741                0.332651                        0.399285                   0.317826
         0.188               0.149                   0.057          0.233          0.052           0.132               0.149         0.183                0.489           0.163                0.362          0.147           0.155          0.216          0.193             0.162          0.172                     0.201658                0.150240                        0.178157                   0.134760
         0.102               0.029                   0.136          0.141          0.236           0.164               0.155         0.241                0.466           0.200                0.379          0.124           0.076          0.107          0.060             0.085          0.069                     0.285880                0.249857                        0.326719                   0.297570
         0.204               0.189                   0.024          0.315          0.084           0.096               0.098         0.238                0.473           0.078                0.429          0.217           0.172          0.187          0.092             0.135          0.127                     0.489266                0.472544                        0.521051                   0.584618
         0.210               0.146                   0.021          0.113          0.274           0.144               0.064         0.289                0.377           0.190                0.559          0.104           0.170          0.079          0.054             0.111          0.118                     0.407298                0.439412                        0.416680                   0.483796
         0.142               0.109                   0.012          0.171          0.047           0.121               0.057         0.216                0.245           0.056                0.698          0.168           0.360          0.102          0.088             0.187          0.196                     0.399846                0.401371                        0.378990                   0.472797
         0.130               0.169                   0.082          0.195          0.109           0.164               0.136         0.130                0.462           0.126                0.402          0.174           0.200          0.166          0.169             0.195          0.184                     0.432713                0.544062                        0.421074                   0.516821
         0.217               0.180                   0.028          0.216          0.151           0.193               0.145         0.218                0.381           0.118                0.474          0.188           0.241          0.180          0.169             0.178          0.186                     0.431643                0.462940                        0.420273                   0.519263
         0.232               0.155                   0.030          0.132          0.063           0.163               0.060         0.213                0.268           0.096                0.672          0.137           0.234          0.071          0.052             0.123          0.123                     0.503611                0.598263                        0.560191                   0.602239
         0.254               0.160                   0.087          0.089          0.027           0.111               0.095         0.168                0.250           0.066                0.655          0.089           0.307          0.094          0.105             0.168          0.173                     0.398782                0.477452                        0.577586                   0.545206
         0.141               0.113                   0.048          0.127          0.048           0.126               0.040         0.252                0.100           0.071                0.860          0.090           0.301          0.078          0.037             0.123          0.127                     0.336471                0.343225                        0.330955                   0.388297
         0.298               0.136                   0.182          0.368          0.089           0.220               0.169         0.205                0.617           0.158                0.214          0.298           0.152          0.254          0.224             0.248          0.240                     0.292429                0.258189                        0.351371                   0.271078
         0.218               0.183                   0.043          0.161          0.125           0.168               0.052         0.310                0.557           0.339                0.391          0.197           0.102          0.076          0.041             0.115          0.110                     0.159868                0.176110                        0.132710                   0.140123
         0.164               0.091                   0.021          0.147          0.304           0.257               0.098         0.226                0.441           0.189                0.461          0.169           0.239          0.140          0.144             0.210          0.225                     0.504595                0.390541                        0.505215                   0.575109
         0.149               0.132                   0.044          0.198          0.163           0.151               0.119         0.169                0.334           0.118                0.547          0.163           0.209          0.170          0.126             0.155          0.153                     0.446763                0.340403                        0.518329                   0.503871
         0.264               0.098                   0.017          0.323          0.076           0.124               0.139         0.171                0.206           0.081                0.655          0.145           0.229          0.144          0.135             0.141          0.125                     0.404074                0.436888                        0.381910                   0.478683
         0.256               0.109                   0.008          0.251          0.099           0.175               0.068         0.183                0.210           0.095                0.722          0.206           0.324          0.134          0.085             0.188          0.184                     0.536105                0.404419                        0.542889                   0.539144
         0.336               0.117                   0.012          0.094          0.045           0.081               0.178         0.272                0.417           0.198                0.405          0.057           0.133          0.140          0.134             0.115          0.126                     0.061488                0.107903                        0.101609                   0.101174
         0.253               0.146                   0.073          0.363          0.020           0.116               0.037         0.180                0.621           0.097                0.342          0.366           0.167          0.130          0.039             0.215          0.212                     0.010405                0.000000                        0.072000                   0.034490
         0.120               0.148                   0.011          0.137          0.029           0.155               0.180         0.190                0.331           0.158                0.489          0.122           0.210          0.153          0.193             0.161          0.157                     0.558042                0.496450                        0.416258                   0.530088
         0.261               0.141                   0.043          0.173          0.171           0.189               0.127         0.250                0.422           0.156                0.451          0.188           0.236          0.163          0.175             0.212          0.204                     0.539096                0.463115                        0.409469                   0.518927
         0.244               0.220                   0.016          0.107          0.184           0.238               0.160         0.229                0.351           0.181                0.489          0.148           0.247          0.188          0.189             0.179          0.180                     0.488590                0.526518                        0.408650                   0.521884
         0.215               0.122                   0.052          0.362          0.140           0.145               0.165         0.215                0.372           0.060                0.463          0.249           0.295          0.226          0.219             0.228          0.202                     0.458689                0.522094                        0.478813                   0.594258
         0.153               0.140                   0.038          0.184          0.084           0.195               0.088         0.141                0.344           0.164                0.568          0.171           0.264          0.099          0.111             0.179          0.188                     0.482276                0.427999                        0.309893                   0.423913
         0.152               0.114                   0.005          0.078          0.250           0.210               0.160         0.251                0.219           0.178                0.621          0.137           0.297          0.197          0.183             0.185          0.174                     0.450480                0.385951                        0.448256                   0.392457
         0.221               0.159                   0.141          0.213          0.113           0.108               0.085         0.184                0.350           0.126                0.565          0.104           0.244          0.120          0.101             0.162          0.156                     0.371171                0.397919                        0.390904                   0.492446
         0.195               0.140                   0.036          0.321          0.154           0.122               0.098         0.258                0.344           0.058                0.558          0.184           0.300          0.147          0.134             0.200          0.181                     0.108315                0.091760                        0.117700                   0.171449
         0.181               0.206                   0.070          0.066          0.031           0.102               0.042         0.179                0.308           0.070                0.650          0.105           0.302          0.125          0.048             0.143          0.162                     0.132779                0.040252                        0.143981                   0.220887
         0.278               0.048                   0.032          0.235          0.203           0.090               0.120         0.106                0.400           0.200                0.480          0.107           0.113          0.137          0.088             0.111          0.087                     0.207221                0.185090                        0.160608                   0.201217
         0.239               0.175                   0.046          0.271          0.196           0.151               0.204         0.215                0.543           0.121                0.253          0.247           0.148          0.216          0.200             0.190          0.180                     0.420973                0.404832                        0.331897                   0.430870
         0.111               0.176                   0.034          0.143          0.090           0.171               0.103         0.144                0.447           0.189                0.450          0.116           0.209          0.085          0.098             0.149          0.156                     0.416879                0.313017                        0.290565                   0.394888
         0.169               0.138                   0.033          0.093          0.065           0.115               0.063         0.192                0.134           0.106                0.803          0.056           0.302          0.064          0.066             0.115          0.132                     0.150381                0.091542                        0.107065                   0.113628
         0.176               0.184                   0.014          0.133          0.151           0.263               0.107         0.173                0.497           0.185                0.396          0.154           0.252          0.155          0.168             0.191          0.223                     0.302773                0.334376                        0.295409                   0.430495
         0.180               0.277                   0.030          0.115          0.116           0.164               0.073         0.243                0.313           0.175                0.614          0.066           0.215          0.078          0.058             0.108          0.109                     0.244764                0.293013                        0.326920                   0.400228
         0.239               0.137                   0.056          0.164          0.208           0.264               0.100         0.244                0.412           0.112                0.488          0.210           0.260          0.138          0.117             0.165          0.167                     0.207352                0.191597                        0.099642                   0.227670
         0.177               0.235                   0.055          0.073          0.137           0.184               0.135         0.267                0.399           0.183                0.466          0.140           0.235          0.177          0.186             0.171          0.183                     0.292779                0.327607                        0.519666                   0.546000
         0.151               0.248                   0.030          0.163          0.100           0.209               0.231         0.140                0.459           0.190                0.310          0.159           0.178          0.230          0.244             0.196          0.173                     0.169210                0.293467                        0.316260                   0.285164
         0.222               0.183                   0.067          0.403          0.101           0.120               0.138         0.229                0.529           0.108                0.333          0.263           0.230          0.190          0.205             0.222          0.226                     0.227571                0.276654                        0.359952                   0.240783
         0.178               0.105                   0.015          0.176          0.169           0.087               0.135         0.096                0.233           0.053                0.632          0.116           0.265          0.110          0.125             0.140          0.136                     0.360377                0.343129                        0.378656                   0.373478
         0.231               0.162                   0.009          0.159          0.185           0.241               0.028         0.216                0.182           0.155                0.790          0.129           0.308          0.042          0.027             0.151          0.159                     0.446827                0.528190                        0.482956                   0.532435
         0.240               0.119                   0.006          0.154          0.125           0.157               0.137         0.167                0.206           0.114                0.657          0.165           0.314          0.166          0.148             0.169          0.166                     0.474562                0.565345                        0.446216                   0.498804
         0.201               0.131                   0.016          0.073          0.256           0.179               0.038         0.297                0.481           0.259                0.481          0.107           0.209          0.057          0.043             0.161          0.174                     0.250813                0.268841                        0.310859                   0.273901
         0.287               0.223                   0.101          0.182          0.264           0.207               0.120         0.189                0.520           0.172                0.360          0.138           0.128          0.132          0.105             0.142          0.142                     0.394905                0.436309                        0.388153                   0.400025
         0.244               0.145                   0.032          0.280          0.234           0.146               0.163         0.131                0.451           0.098                0.386          0.238           0.241          0.209          0.230             0.237          0.208                     0.272739                0.298090                        0.289613                   0.257554
         0.167               0.192                   0.014          0.140          0.160           0.155               0.091         0.148                0.627           0.251                0.282          0.115           0.106          0.099          0.073             0.133          0.134                     0.247265                0.220129                        0.187076                   0.171285
         0.364               0.233                   0.030          0.112          0.332           0.116               0.110         0.232                0.264           0.137                0.626          0.136           0.264          0.128          0.109             0.125          0.132                     0.424836                0.365569                        0.369785                   0.476761
         0.177               0.142                   0.040          0.123          0.178           0.268               0.124         0.169                0.337           0.237                0.539          0.109           0.215          0.145          0.115             0.139          0.138                     0.283798                0.234606                        0.289682                   0.303006
         0.247               0.183                   0.013          0.197          0.144           0.185               0.170         0.227                0.437           0.245                0.393          0.188           0.145          0.153          0.148             0.140          0.132                     0.453750                0.351914                        0.391158                   0.375613
         0.304               0.210                   0.029          0.195          0.129           0.215               0.189         0.252                0.420           0.170                0.391          0.176           0.171          0.266          0.172             0.169          0.137                     0.000000                0.045095                        0.000000                   0.000000
         0.183               0.156                   0.017          0.094          0.144           0.189               0.105         0.167                0.240           0.151                0.655          0.136           0.301          0.080          0.129             0.164          0.163                     0.403533                0.491011                        0.545801                   0.469958
         0.144               0.185                   0.002          0.120          0.107           0.217               0.153         0.165                0.580           0.243                0.267          0.144           0.177          0.204          0.220             0.207          0.237                     0.426639                0.382772                        0.620095                   0.513173
         0.316               0.276                   0.018          0.278          0.092           0.095               0.175         0.199                0.590           0.110                0.235          0.241           0.085          0.223          0.177             0.165          0.138                     0.120501                0.069623                        0.097818                   0.048141
         0.174               0.143                   0.045          0.100          0.150           0.140               0.046         0.237                0.245           0.192                0.709          0.106           0.269          0.139          0.047             0.133          0.131                     0.361913                0.472699                        0.662929                   0.566571
         0.284               0.158                   0.025          0.173          0.148           0.121               0.053         0.182                0.556           0.169                0.391          0.139           0.138          0.059          0.044             0.124          0.135                     0.309049                0.431471                        0.639066                   0.501049
         0.156               0.187                   0.031          0.133          0.098           0.176               0.081         0.143                0.492           0.214                0.427          0.166           0.240          0.106          0.124             0.200          0.213                     0.194057                0.228701                        0.554545                   0.382563
         0.155               0.134                   0.040          0.129          0.051           0.136               0.061         0.161                0.177           0.117                0.762          0.095           0.357          0.158          0.081             0.166          0.173                     0.210361                0.232027                        0.452920                   0.293149
         0.195               0.156                   0.046          0.156          0.088           0.222               0.064         0.233                0.482           0.244                0.454          0.143           0.174          0.136          0.078             0.151          0.164                     0.093141                0.103001                        0.224387                   0.136881
         0.341               0.178                   0.010          0.225          0.214           0.171               0.110         0.227                0.419           0.170                0.471          0.142           0.182          0.143          0.105             0.147          0.149                     0.167031                0.157763                        0.353596                   0.181498
         0.224               0.161                   0.041          0.367          0.078           0.091               0.100         0.237                0.495           0.077                0.405          0.254           0.194          0.178          0.116             0.179          0.165                     0.341794                0.318728                        0.424315                   0.339809
         0.218               0.143                   0.058          0.127          0.097           0.142               0.147         0.192                0.419           0.201                0.434          0.148           0.226          0.173          0.178             0.179          0.171                     0.345228                0.357100                        0.395159                   0.450870
         0.104               0.153                   0.048          0.086          0.128           0.180               0.038         0.195                0.210           0.128                0.752          0.076           0.355          0.069          0.056             0.147          0.170                     0.326484                0.399603                        0.272924                   0.300140
         0.218               0.120                   0.062          0.139          0.063           0.175               0.084         0.193                0.306           0.128                0.610          0.211           0.354          0.097          0.128             0.208          0.226                     0.466206                0.447120                        0.484648                   0.452890
         0.211               0.138                   0.056          0.102          0.095           0.168               0.079         0.247                0.301           0.155                0.620          0.080           0.306          0.090          0.110             0.174          0.194                     0.481947                0.525617                        0.380848                   0.392826
         0.161               0.113                   0.043          0.111          0.162           0.114               0.126         0.226                0.417           0.113                0.457          0.118           0.124          0.076          0.076             0.122          0.098                     0.503020                0.539692                        0.467938                   0.452852
         0.240               0.193                   0.163          0.125          0.125           0.094               0.122         0.145                0.374           0.065                0.504          0.094           0.219          0.109          0.098             0.121          0.131                     0.584188                0.513677                        0.468245                   0.622400
         0.125               0.139                   0.066          0.111          0.035           0.122               0.135         0.172                0.362           0.156                0.503          0.104           0.235          0.177          0.150             0.156          0.149                     0.564025                0.560819                        0.504519                   0.522361
         0.299               0.182                   0.015          0.347          0.149           0.163               0.157         0.269                0.508           0.151                0.335          0.249           0.181          0.262          0.202             0.188          0.188                     0.413456                0.368859                        0.416258                   0.354084
         0.196               0.146                   0.087          0.237          0.030           0.143               0.088         0.098                0.323           0.098                0.589          0.149           0.245          0.079          0.099             0.140          0.146                     0.525198                0.534523                        0.515632                   0.452435
         0.217               0.130                   0.092          0.323          0.193           0.197               0.147         0.270                0.486           0.152                0.367          0.303           0.266          0.200          0.205             0.238          0.233                     0.246873                0.170689                        0.163130                   0.207949
         0.330               0.158                   0.018          0.085          0.281           0.257               0.092         0.201                0.500           0.347                0.408          0.124           0.186          0.107          0.113             0.150          0.188                     0.428108                0.454216                        0.516936                   0.435217
         0.235               0.080                   0.232          0.318          0.100           0.197               0.164         0.223                0.509           0.082                0.327          0.238           0.192          0.193          0.211             0.208          0.211                     0.393459                0.446774                        0.397835                   0.426968
         0.283               0.066                   0.052          0.285          0.110           0.112               0.177         0.161                0.341           0.108                0.482          0.258           0.258          0.218          0.185             0.198          0.170                     0.343802                0.311285                        0.427680                   0.329488
         0.132               0.282                   0.009          0.241          0.049           0.118               0.146         0.222                0.527           0.059                0.327          0.190           0.142          0.117          0.151             0.173          0.161                     0.400287                0.500175                        0.578686                   0.462114
         0.196               0.188                   0.049          0.111          0.019           0.104               0.071         0.123                0.213           0.090                0.716          0.117           0.475          0.116          0.112             0.215          0.229                     0.545712                0.466648                        0.615134                   0.567561
         0.112               0.210                   0.073          0.105          0.032           0.112               0.147         0.109                0.256           0.036                0.597          0.073           0.323          0.178          0.159             0.151          0.143                     0.567819                0.530187                        0.578301                   0.573953
         0.226               0.301                   0.027          0.123          0.131           0.212               0.176         0.243                0.617           0.136                0.207          0.183           0.103          0.222          0.205             0.177          0.186                     0.225869                0.174019                        0.250298                   0.168519
         0.152               0.152                   0.040          0.095          0.092           0.189               0.157         0.172                0.332           0.182                0.511          0.133           0.205          0.147          0.156             0.152          0.142                     0.263020                0.210970                        0.218355                   0.209583
         0.243               0.186                   0.047          0.110          0.084           0.090               0.097         0.223                0.328           0.121                0.575          0.116           0.191          0.121          0.083             0.115          0.118                     0.616038                0.556999                        0.516020                   0.600793
         0.086               0.108                   0.105          0.212          0.050           0.123               0.073         0.156                0.399           0.041                0.528          0.190           0.309          0.084          0.104             0.205          0.206                     0.454705                0.532428                        0.383194                   0.472522
         0.142               0.130                   0.023          0.131          0.143           0.252               0.190         0.184                0.317           0.219                0.493          0.132           0.180          0.176          0.184             0.150          0.124                     0.456018                0.365948                        0.266985                   0.332348
         0.197               0.121                   0.044          0.092          0.263           0.134               0.076         0.241                0.400           0.149                0.524          0.107           0.190          0.075          0.069             0.136          0.140                     0.519344                0.463066                        0.434661                   0.444598
         0.186               0.083                   0.194          0.114          0.070           0.121               0.074         0.144                0.365           0.088                0.561          0.097           0.278          0.130          0.103             0.151          0.192                     0.256919                0.279235                        0.197364                   0.175882

--- Medianwerte ---
PCT_STL_Usage: 0.197
PCT_PTS_FB_Scoring: 0.1505
PCT_PTS_2PT_MR_Scoring: 0.037
PCT_AST_Usage: 0.142
PCT_BLK_Usage: 0.119
PCT_DREB_Usage: 0.155
PCT_PTS_FT_Scoring: 0.1045
PCT_PF_Usage: 0.197
PCT_PTS_2PT_Scoring: 0.383
PCT_OREB_Usage: 0.14250000000000002
PCT_PTS_3PT_Scoring: 0.4885
PCT_TOV_Usage: 0.14
PCT_FG3M_Usage: 0.2335
PCT_PFD_Usage: 0.1365
PCT_FTM_Usage: 0.1155
USG_PCT_Advanced: 0.162
PCT_FGM_Usage: 0.167
OPP_PTS_OFF_TOV_Defense_AVG: 0.36376796327788735
OPP_PTS_FB_Defense_AVG: 0.365758345280138
OPP_PTS_2ND_CHANCE_Defense_AVG: 0.3808716797207559
OPP_PTS_PAINT_Defense_AVG: 0.39783839212469235
