Cluster 0 - Alle Spieler:

 PCT_STL_Usage  PCT_PTS_FB_Scoring  PCT_PTS_2PT_MR_Scoring  PCT_AST_Usage  PCT_BLK_Usage  PCT_DREB_Usage  PCT_PTS_FT_Scoring  PCT_PF_Usage  PCT_PTS_2PT_Scoring  PCT_OREB_Usage  PCT_PTS_3PT_Scoring  PCT_TOV_Usage  PCT_FG3M_Usage  PCT_PFD_Usage  PCT_FTM_Usage  USG_PCT_Advanced  PCT_FGM_Usage  OPP_PTS_OFF_TOV_Defense_AVG  OPP_PTS_FB_Defense_AVG  OPP_PTS_2ND_CHANCE_Defense_AVG  OPP_PTS_PAINT_Defense_AVG
         0.158               0.081                   0.006          0.132          0.308           0.319               0.166         0.233                0.688           0.435                0.146          0.135           0.081          0.203          0.202             0.169          0.207                     0.648944                0.614891                        0.502207                   0.638696
         0.139               0.090                   0.008          0.084          0.408           0.361               0.107         0.241                0.893           0.524                0.000          0.123           0.000          0.196          0.139             0.160          0.204                     0.418659                0.435842                        0.417813                   0.408704
         0.177               0.052                   0.018          0.164          0.486           0.208               0.152         0.275                0.848           0.487                0.000          0.093           0.000          0.220          0.177             0.111          0.155                     0.131441                0.206392                        0.210459                   0.189464
         0.128               0.058                   0.019          0.104          0.438           0.264               0.148         0.350                0.852           0.399                0.000          0.175           0.000          0.185          0.160             0.136          0.183                     0.048211                0.030937                        0.158791                   0.115778
         0.182               0.073                   0.020          0.113          0.386           0.354               0.180         0.152                0.820           0.396                0.000          0.154           0.000          0.281          0.244             0.156          0.207                     0.504403                0.658229                        0.548417                   0.625461
         0.164               0.090                   0.012          0.182          0.523           0.322               0.168         0.175                0.638           0.343                0.194          0.244           0.115          0.279          0.283             0.226          0.250                     0.546091                0.551996                        0.622136                   0.621978
         0.109               0.068                   0.012          0.097          0.462           0.279               0.191         0.219                0.809           0.478                0.000          0.134           0.000          0.232          0.195             0.141          0.164                     0.624592                0.711430                        0.671870                   0.683758
         0.206               0.089                   0.042          0.247          0.247           0.241               0.216         0.333                0.526           0.278                0.258          0.259           0.159          0.278          0.275             0.185          0.173                     0.360652                0.388374                        0.443168                   0.338103
         0.169               0.069                   0.015          0.194          0.333           0.266               0.169         0.351                0.595           0.408                0.236          0.205           0.125          0.233          0.201             0.166          0.182                     0.171772                0.111309                        0.152898                   0.159674
         0.127               0.110                   0.006          0.120          0.590           0.269               0.193         0.321                0.807           0.534                0.000          0.174           0.000          0.315          0.287             0.186          0.256                     0.435218                0.350972                        0.466094                   0.397735
         0.170               0.294                   0.011          0.093          0.451           0.158               0.173         0.192                0.566           0.132                0.261          0.113           0.126          0.144          0.155             0.138          0.136                     0.471232                0.544980                        0.522331                   0.514015
         0.157               0.081                   0.010          0.157          0.314           0.382               0.129         0.270                0.871           0.488                0.000          0.179           0.000          0.256          0.119             0.126          0.152                     0.135198                0.173739                        0.104291                   0.050062
         0.174               0.145                   0.036          0.170          0.163           0.203               0.218         0.189                0.590           0.185                0.192          0.212           0.137          0.331          0.402             0.271          0.273                     0.400345                0.335550                        0.425532                   0.448927
         0.223               0.073                   0.029          0.185          0.363           0.338               0.163         0.310                0.820           0.487                0.017          0.127           0.006          0.187          0.136             0.125          0.148                     0.151561                0.145063                        0.131108                   0.142494
         0.134               0.184                   0.000          0.174          0.365           0.282               0.145         0.217                0.855           0.484                0.000          0.148           0.000          0.222          0.212             0.164          0.214                     0.186701                0.205228                        0.174363                   0.180323
         0.206               0.043                   0.055          0.308          0.257           0.307               0.204         0.234                0.753           0.374                0.043          0.300           0.034          0.415          0.353             0.259          0.266                     0.531959                0.583567                        0.644878                   0.730618
         0.351               0.255                   0.023          0.117          0.336           0.239               0.115         0.229                0.609           0.268                0.276          0.149           0.177          0.138          0.153             0.185          0.212                     0.424162                0.397173                        0.449156                   0.528627
         0.177               0.027                   0.000          0.184          0.346           0.283               0.191         0.214                0.809           0.532                0.000          0.202           0.000          0.286          0.150             0.127          0.129                     0.157172                0.094674                        0.073774                   0.093748
         0.104               0.022                   0.018          0.146          0.404           0.383               0.116         0.187                0.884           0.536                0.000          0.156           0.000          0.248          0.174             0.192          0.251                     0.704486                0.672044                        0.554827                   0.703130
         0.207               0.152                   0.016          0.458          0.240           0.271               0.094         0.222                0.906           0.240                0.000          0.307           0.000          0.132          0.061             0.133          0.127                     0.404814                0.362030                        0.427680                   0.356087
         0.178               0.089                   0.005          0.099          0.451           0.242               0.159         0.366                0.841           0.406                0.000          0.135           0.000          0.248          0.141             0.120          0.174                     0.258987                0.447782                        0.284352                   0.291087
         0.174               0.071                   0.040          0.075          0.477           0.356               0.078         0.268                0.746           0.420                0.176          0.132           0.089          0.117          0.105             0.169          0.209                     0.388403                0.376636                        0.382524                   0.445815
         0.279               0.144                   0.032          0.226          0.124           0.215               0.187         0.193                0.618           0.302                0.195          0.241           0.103          0.208          0.243             0.194          0.189                     0.330814                0.351914                        0.324521                   0.360198
         0.177               0.076                   0.209          0.157          0.226           0.346               0.089         0.198                0.624           0.405                0.287          0.173           0.166          0.159          0.153             0.234          0.251                     0.439646                0.378055                        0.498893                   0.491278
         0.141               0.080                   0.000          0.100          0.406           0.310               0.212         0.213                0.788           0.460                0.000          0.121           0.000          0.276          0.233             0.129          0.168                     0.723195                0.649216                        0.709178                   0.693333
         0.205               0.116                   0.033          0.166          0.541           0.304               0.109         0.196                0.870           0.382                0.021          0.142           0.010          0.246          0.137             0.166          0.222                     0.643013                0.662153                        0.443726                   0.607689
         0.196               0.104                   0.009          0.256          0.130           0.205               0.207         0.231                0.600           0.161                0.193          0.285           0.127          0.287          0.292             0.226          0.232                     0.448379                0.359481                        0.374905                   0.353518
         0.268               0.121                   0.040          0.192          0.452           0.308               0.141         0.289                0.776           0.530                0.083          0.223           0.046          0.213          0.185             0.186          0.223                     0.306083                0.223683                        0.300596                   0.242591
         0.219               0.119                   0.032          0.090          0.416           0.289               0.108         0.197                0.813           0.351                0.079          0.130           0.036          0.116          0.105             0.143          0.163                     0.373028                0.358938                        0.230851                   0.388215
         0.160               0.031                   0.071          0.160          0.233           0.295               0.208         0.274                0.612           0.376                0.180          0.151           0.090          0.237          0.192             0.159          0.164                     0.443429                0.423459                        0.353537                   0.516010
         0.186               0.060                   0.004          0.194          0.490           0.329               0.169         0.252                0.813           0.480                0.018          0.166           0.009          0.205          0.174             0.142          0.177                     0.350422                0.272978                        0.241444                   0.285031
         0.281               0.055                   0.068          0.079          0.503           0.291               0.192         0.195                0.500           0.397                0.308          0.103           0.160          0.168          0.172             0.155          0.158                     0.174407                0.144002                        0.144706                   0.121402
         0.332               0.086                   0.167          0.416          0.138           0.160               0.079         0.140                0.858           0.171                0.063          0.263           0.043          0.181          0.124             0.226          0.249                     0.258898                0.213682                        0.234305                   0.306863
         0.166               0.068                   0.000          0.065          0.600           0.258               0.199         0.350                0.801           0.428                0.000          0.220           0.000          0.261          0.206             0.135          0.179                     0.214216                0.216794                        0.271670                   0.190810
         0.159               0.060                   0.000          0.169          0.362           0.386               0.249         0.340                0.751           0.450                0.000          0.158           0.000          0.213          0.177             0.105          0.110                     0.275297                0.319153                        0.228232                   0.251904
         0.099               0.060                   0.030          0.075          0.437           0.350               0.225         0.304                0.775           0.473                0.000          0.195           0.000          0.249          0.285             0.169          0.194                     0.458712                0.513470                        0.405872                   0.421533
         0.156               0.069                   0.005          0.116          0.651           0.329               0.143         0.357                0.761           0.505                0.096          0.161           0.038          0.177          0.135             0.135          0.160                     0.356217                0.447177                        0.361660                   0.300071
         0.157               0.054                   0.153          0.105          0.358           0.360               0.070         0.203                0.899           0.432                0.031          0.185           0.021          0.133          0.104             0.197          0.257                     0.681838                0.773067                        0.603099                   0.660739
         0.176               0.012                   0.112          0.203          0.351           0.413               0.172         0.290                0.800           0.523                0.028          0.239           0.021          0.282          0.275             0.222          0.264                     0.384391                0.316396                        0.300622                   0.307520
         0.184               0.146                   0.010          0.158          0.164           0.241               0.141         0.267                0.723           0.368                0.136          0.204           0.076          0.204          0.174             0.184          0.213                     0.574034                0.489042                        0.623758                   0.568357
         0.147               0.038                   0.025          0.238          0.343           0.383               0.124         0.273                0.876           0.453                0.000          0.229           0.000          0.158          0.145             0.165          0.185                     0.319129                0.421069                        0.565837                   0.491739
         0.129               0.138                   0.033          0.125          0.490           0.309               0.210         0.227                0.514           0.273                0.276          0.262           0.175          0.277          0.307             0.214          0.194                     0.307166                0.483051                        0.607122                   0.428859
         0.228               0.052                   0.058          0.151          0.428           0.304               0.117         0.250                0.879           0.462                0.004          0.203           0.003          0.209          0.186             0.184          0.238                     0.663250                0.569229                        0.577128                   0.664279
         0.242               0.152                   0.031          0.198          0.309           0.247               0.154         0.230                0.715           0.311                0.131          0.162           0.054          0.155          0.153             0.145          0.146                     0.394811                0.414090                        0.432488                   0.424990
         0.176               0.084                   0.000          0.106          0.687           0.346               0.123         0.209                0.849           0.527                0.028          0.132           0.012          0.188          0.130             0.133          0.192                     0.870218                0.936990                        0.745140                   0.703013
         0.211               0.114                   0.014          0.169          0.204           0.334               0.135         0.278                0.530           0.333                0.335          0.193           0.173          0.205          0.177             0.184          0.206                     0.490153                0.497870                        0.412694                   0.490797
         0.165               0.038                   0.010          0.081          0.509           0.298               0.147         0.300                0.764           0.513                0.089          0.177           0.046          0.197          0.178             0.156          0.186                     0.485976                0.445473                        0.345650                   0.360198
         0.208               0.139                   0.030          0.089          0.250           0.234               0.114         0.258                0.880           0.425                0.006          0.107           0.003          0.166          0.140             0.150          0.204                     0.345323                0.288667                        0.345650                   0.276250
         0.163               0.142                   0.007          0.183          0.416           0.379               0.176         0.298                0.824           0.557                0.000          0.213           0.000          0.245          0.219             0.161          0.203                     0.497728                0.500296                        0.474924                   0.530000
         0.138               0.085                   0.014          0.163          0.594           0.258               0.152         0.292                0.731           0.413                0.117          0.153           0.040          0.173          0.133             0.121          0.147                     0.355580                0.246889                        0.420143                   0.296739
         0.386               0.212                   0.013          0.181          0.274           0.210               0.153         0.291                0.791           0.324                0.056          0.199           0.038          0.243          0.186             0.185          0.204                     0.385232                0.347273                        0.431102                   0.380612
         0.220               0.114                   0.010          0.095          0.348           0.322               0.171         0.220                0.829           0.471                0.000          0.150           0.000          0.242          0.180             0.130          0.170                     0.310876                0.213067                        0.218738                   0.227440
         0.201               0.109                   0.018          0.166          0.495           0.376               0.195         0.265                0.805           0.489                0.000          0.203           0.000          0.301          0.349             0.210          0.276                     0.579073                0.718583                        0.545563                   0.621739
         0.245               0.015                   0.009          0.200          0.410           0.416               0.188         0.327                0.600           0.417                0.212          0.287           0.104          0.326          0.256             0.202          0.196                     0.386279                0.474204                        0.301479                   0.310870

--- Medianwerte ---
PCT_STL_Usage: 0.1765
PCT_PTS_FB_Scoring: 0.0825
PCT_PTS_2PT_MR_Scoring: 0.017
PCT_AST_Usage: 0.159
PCT_BLK_Usage: 0.395
PCT_DREB_Usage: 0.304
PCT_PTS_FT_Scoring: 0.161
PCT_PF_Usage: 0.251
PCT_PTS_2PT_Scoring: 0.7955000000000001
PCT_OREB_Usage: 0.4225
PCT_PTS_3PT_Scoring: 0.0295
PCT_TOV_Usage: 0.1745
PCT_FG3M_Usage: 0.021
PCT_PFD_Usage: 0.2165
PCT_FTM_Usage: 0.177
USG_PCT_Advanced: 0.1645
PCT_FGM_Usage: 0.194
OPP_PTS_OFF_TOV_Defense_AVG: 0.3916067521100343
OPP_PTS_FB_Defense_AVG: 0.3927733570836201
OPP_PTS_2ND_CHANCE_Defense_AVG: 0.41525354859681435
OPP_PTS_PAINT_Defense_AVG: 0.3929748283752859
