Cluster 1 - Alle Spieler:

            PLAYER_NAME TEAM_ABBREVIATION   MIN_AVG  AGE  REB_AVG  AST_AVG  TOV_AVG  STL_AVG  BLK_AVG   PF_AVG  PFD_AVG   PTS_AVG  PLUS_MINUS_AVG  HEIGHT  WEIGHT
             Vít Krejčí               ATL 20.221608 25.0 2.736842 2.578947 0.877193 0.631579 0.456140 1.842105 0.719298  7.228070       -1.157895      80   195.0
       Garrison Mathews               ATL 17.649113 28.0 1.851064 1.276596 0.659574 0.553191 0.319149 1.723404 1.446809  7.510638       -1.276596      78   215.0
          Tyrese Martin               BKN 21.922000 26.0 3.650000 2.033333 1.233333 0.566667 0.150000 1.283333 0.833333  8.716667       -4.300000      78   215.0
             Sam Hauser               BOS 21.706103 27.0 3.154930 0.901408 0.323944 0.577465 0.183099 1.225352 0.408451  8.521127        4.577465      79   217.0
          Neemias Queta               BOS 13.920806 25.0 3.806452 0.725806 0.645161 0.290323 0.677419 1.709677 0.935484  5.000000        2.500000      84   248.0
             Al Horford               BOS 27.642889 39.0 6.150000 2.133333 0.766667 0.600000 0.850000 1.350000 0.583333  8.966667        6.616667      81   240.0
           Jordan Walsh               BOS  7.750064 21.0 1.326923 0.365385 0.326923 0.230769 0.211538 0.576923 0.288462  1.576923        0.480769      78   205.0
         Moussa Diabaté               CHA 17.473709 23.0 6.169014 0.788732 0.859155 0.647887 0.563380 1.535211 1.619718  5.676056       -1.732394      81   210.0
             Seth Curry               CHA 15.617010 34.0 1.661765 0.882353 0.470588 0.397059 0.102941 0.867647 0.764706  6.529412       -2.514706      73   185.0
         Tidjane Salaün               CHA 20.739222 19.0 4.666667 1.233333 0.966667 0.483333 0.233333 1.400000 1.316667  5.883333       -5.350000      80   207.0
          Matas Buzelis               CHI 18.891188 20.0 3.475000 0.987500 0.925000 0.362500 0.937500 1.600000 1.000000  8.600000       -0.437500      82   209.0
        Julian Phillips               CHI 14.213987 21.0 2.139241 0.493671 0.341772 0.481013 0.253165 1.367089 0.759494  4.632911        0.379747      80   198.0
            Dalen Terry               CHI 13.522991 22.0 1.698630 1.328767 0.726027 0.602740 0.205479 1.561644 0.753425  4.465753       -2.356164      79   195.0
            Jalen Smith               CHI 15.037240 25.0 5.578125 1.015625 0.578125 0.265625 0.687500 1.484375 1.312500  8.187500       -0.562500      81   215.0
       Patrick Williams               CHI 25.021058 23.0 3.761905 1.968254 1.365079 0.761905 0.507937 1.396825 1.063492  8.984127       -2.888889      79   215.0
          Javonte Green               CLE 18.497549 31.0 3.205882 0.823529 0.470588 0.955882 0.455882 1.441176 1.058824  5.102941       -3.117647      77   205.0
              Dean Wade               CLE 21.227994 28.0 4.220339 1.288136 0.372881 0.711864 0.338983 1.711864 0.542373  5.423729        4.813559      81   228.0
            Isaac Okoro               CLE 19.149152 24.0 2.363636 1.236364 0.418182 0.581818 0.290909 1.890909 0.800000  6.127273        4.600000      77   225.0
          Dwight Powell               DAL 10.015636 33.0 2.145455 1.000000 0.327273 0.327273 0.381818 1.363636 0.872727  2.072727       -0.254545      82   240.0
Olivier-Maxence Prosper               DAL 11.232115 22.0 2.423077 0.769231 0.269231 0.500000 0.115385 0.538462 1.019231  3.865385       -2.000000      79   230.0
             Zeke Nnaji               DEN 10.666082 24.0 1.578947 0.403509 0.245614 0.438596 0.666667 1.087719 0.666667  3.228070       -0.403509      81   240.0
         DeAndre Jordan               DEN 12.333958 36.0 5.071429 0.946429 0.714286 0.285714 0.482143 1.321429 1.214286  3.732143       -0.839286      83   265.0
      Ronald Holland II               DET 15.633601 19.0 2.691358 1.012346 0.888889 0.604938 0.209877 1.740741 1.382716  6.444444       -0.679012      80   206.0
       Tim Hardaway Jr.               DET 27.958377 33.0 2.376623 1.597403 0.623377 0.493506 0.090909 1.246753 1.961039 10.961039        0.324675      77   205.0
      Simone Fontecchio               DET 16.489089 29.0 2.866667 0.866667 0.720000 0.413333 0.160000 1.266667 0.920000  5.946667        0.213333      79   209.0
           Kevon Looney               GSW 15.028355 29.0 6.078947 1.552632 0.513158 0.605263 0.486842 2.026316 1.105263  4.526316        1.539474      81   222.0
   Trayce Jackson-Davis               GSW 15.593333 25.0 5.016129 1.677419 0.725806 0.370968 0.612903 1.177419 1.209677  6.564516       -0.983871      81   245.0
             Gui Santos               GSW 13.598631 23.0 3.071429 1.428571 0.750000 0.446429 0.178571 1.625000 0.732143  4.053571        2.946429      78   185.0
          Aaron Holiday               HOU 12.778172 28.0 1.258065 1.338710 0.596774 0.306452 0.177419 1.032258 0.790323  5.483871        1.419355      72   185.0
           Steven Adams               HOU 13.690805 31.0 5.637931 1.137931 0.931034 0.379310 0.482759 1.034483 1.775862  3.879310        2.965517      83   265.0
          Jae'Sean Tate               HOU 11.309808 29.0 2.250000 0.903846 0.423077 0.500000 0.134615 1.576923 1.019231  3.615385        0.980769      76   230.0
             Obi Toppin               IND 19.554620 27.0 4.025316 1.620253 0.860759 0.582278 0.354430 1.367089 1.126582 10.544304       -0.974684      81   220.0
          Jarace Walker               IND 15.821600 21.0 3.053333 1.466667 1.040000 0.720000 0.333333 1.533333 0.840000  6.146667       -1.946667      79   235.0
          Thomas Bryant               IND 14.591162 27.0 3.803030 0.803030 0.454545 0.424242 0.621212 1.151515 0.939394  6.500000       -0.560606      82   248.0
           Ben Sheppard               IND 19.516799 23.0 2.809524 1.349206 0.349206 0.603175 0.222222 1.984127 0.555556  5.269841       -0.936508      78   190.0
          Nicolas Batum               LAC 17.530427 36.0 2.794872 1.076923 0.435897 0.666667 0.461538 1.423077 0.269231  4.012821        1.948718      80   230.0
            Amir Coffey               LAC 24.271389 28.0 2.236111 1.069444 0.625000 0.555556 0.097222 1.666667 1.319444  9.666667       -0.916667      79   210.0
           Drew Eubanks               LAC 12.229672 28.0 3.704918 0.885246 0.672131 0.196721 0.639344 1.032787 1.049180  4.590164       -2.065574      82   245.0
          Dalton Knecht               LAL 19.151218 24.0 2.769231 0.846154 0.474359 0.307692 0.102564 1.192308 0.743590  9.051282       -0.935897      78   215.0
           Shake Milton               LAL 14.671520 28.0 1.824561 1.789474 0.701754 0.438596 0.070175 1.175439 1.122807  5.526316       -2.070175      77   205.0
               Alex Len               LAL  8.256304 32.0 2.065217 0.826087 0.434783 0.195652 0.456522 1.217391 0.391304  1.608696       -3.326087      84   250.0
           Luke Kennard               MEM 22.641410 29.0 2.815385 3.307692 1.107692 0.769231 0.076923 0.907692 0.692308  8.861538        1.876923      77   206.0
               Jay Huff               MEM 11.687995 27.0 2.015625 0.593750 0.531250 0.250000 0.875000 1.218750 0.687500  6.859375        0.390625      85   240.0
          Kyle Anderson               MIA 16.427760 31.0 3.377049 2.377049 0.606557 0.655738 0.540984 1.327869 0.983607  5.852459       -0.360656      81   230.0
      Andre Jackson Jr.               MIL 14.628234 23.0 2.716418 1.238806 0.865672 0.507463 0.208955 1.701493 0.402985  3.432836       -0.492537      78   209.0
         Rob Dillingham               MIN 10.530102 20.0 1.020408 2.000000 1.081633 0.408163 0.020408 0.755102 0.571429  4.469388        0.387755      75   175.0
            Josh Minott               MIN  6.005978 22.0 1.021739 0.391304 0.239130 0.326087 0.260870 0.739130 0.326087  2.586957       -0.347826      80   205.0
 Jeremiah Robinson-Earl               NOP 18.771212 24.0 4.772727 1.333333 0.772727 0.590909 0.106061 1.196970 0.742424  6.333333       -5.015152      80   240.0
         Jordan Hawkins               NOP 23.580357 23.0 2.821429 1.178571 1.035714 0.535714 0.410714 0.910714 1.303571 10.785714       -5.660714      77   190.0
         Antonio Reeves               NOP 14.989962 24.0 1.431818 0.886364 0.681818 0.477273 0.090909 0.909091 0.500000  6.931818       -3.409091      77   205.0
       Precious Achiuwa               NYK 20.519532 25.0 5.561404 0.964912 0.789474 0.824561 0.736842 1.421053 0.894737  6.649123       -0.842105      80   243.0
          Landry Shamet               NYK 15.232000 28.0 1.220000 0.540000 0.440000 0.460000 0.040000 1.040000 0.720000  5.720000        1.760000      76   190.0
            Tyler Kolek               NYK  7.223211 24.0 0.658537 1.707317 0.439024 0.292683 0.097561 0.634146 0.512195  1.975610       -0.024390      75   195.0
       Kenrich Williams               OKC 16.399106 30.0 3.492754 1.405797 0.565217 0.623188 0.144928 1.594203 0.782609  6.318841        4.768116      78   210.0
           Dillon Jones               OKC 10.212840 23.0 2.240741 1.074074 0.518519 0.296296 0.074074 1.000000 0.388889  2.500000        1.388889      77   235.0
       Tristan da Silva               ORL 22.008266 24.0 3.310811 1.527027 0.756757 0.445946 0.243243 1.270270 0.770270  7.202703       -1.716216      80   217.0
         Jonathan Isaac               ORL 15.352324 27.0 4.422535 0.563380 0.464789 0.859155 1.126761 1.267606 1.112676  5.352113       -0.535211      82   230.0
            Jett Howard               ORL 11.685111 21.0 1.166667 0.733333 0.600000 0.216667 0.183333 1.133333 0.300000  4.450000       -1.433333      78   215.0
          Caleb Houstan               ORL 13.586034 22.0 1.293103 0.603448 0.224138 0.379310 0.103448 1.068966 0.310345  4.120690       -1.137931      80   205.0
            Cory Joseph               ORL 12.234667 33.0 1.480000 1.440000 0.360000 0.520000 0.080000 1.000000 0.760000  3.540000        0.700000      74   200.0
       Ricky Council IV               PHI 17.123493 23.0 2.931507 1.328767 0.712329 0.438356 0.178082 0.917808 1.602740  7.287671       -2.178082      78   207.0
        Jeff Dowtin Jr.               PHI 15.140732 28.0 1.463415 1.902439 0.365854 0.585366 0.292683 0.707317 0.926829  6.951220       -2.512195      75   177.0
              Ryan Dunn               PHX 19.059685 22.0 3.608108 0.770270 0.540541 0.594595 0.540541 2.189189 0.378378  6.905405       -2.283784      80   216.0
           Oso Ighodaro               PHX 17.140082 22.0 3.639344 1.163934 0.639344 0.459016 0.475410 1.672131 0.770492  4.180328       -0.344262      84   235.0
            Kris Murray               POR 15.078068 24.0 2.637681 0.985507 0.623188 0.507246 0.246377 0.956522 0.608696  4.159420       -0.724638      80   216.0
          Dalano Banton               POR 16.715597 25.0 2.014925 2.388060 1.283582 0.641791 0.507463 0.865672 1.373134  8.343284       -0.820896      80   203.0
          Jabari Walker               POR 12.486083 22.0 3.516667 0.616667 0.566667 0.550000 0.100000 1.450000 1.033333  5.216667        0.250000      79   237.0
           Rayan Rupert               POR  8.837340 21.0 1.346154 0.480769 0.576923 0.307692 0.076923 0.711538 0.461538  2.980769       -1.653846      78   195.0
             Trey Lyles               SAC 19.558285 29.0 4.579710 1.188406 0.565217 0.594203 0.333333 1.246377 1.144928  6.536232       -1.014493      81   234.0
         Doug McDermott               SAC  8.134563 33.0 0.523810 0.166667 0.142857 0.095238 0.047619 0.714286 0.071429  3.500000        0.642857      78   225.0
        Harrison Barnes               SAS 27.195894 33.0 3.780488 1.658537 0.609756 0.475610 0.170732 0.914634 1.792683 12.329268       -0.304878      80   225.0
      Julian Champagnie               SAS 23.562541 24.0 3.878049 1.353659 0.902439 0.743902 0.426829 1.390244 0.658537  9.939024       -0.817073      79   217.0
  Sandro Mamukelashvili               SAS 11.167350 26.0 3.065574 0.786885 0.426230 0.360656 0.278689 0.983607 0.704918  6.311475       -0.459016      81   240.0
           Blake Wesley               SAS 11.777701 22.0 1.051724 1.965517 0.931034 0.637931 0.103448 0.793103 0.965517  3.741379       -0.155172      75   185.0
         Jamison Battle               TOR 17.655565 24.0 2.677966 0.898305 0.457627 0.288136 0.169492 1.559322 0.423729  7.101695       -3.101695      79   220.0
          Chris Boucher               TOR 17.246000 32.0 4.480000 0.660000 0.580000 0.480000 0.500000 1.360000 1.380000 10.040000        0.100000      81   200.0
          Cody Williams               UTA 21.192233 20.0 2.260000 1.180000 0.880000 0.460000 0.320000 1.900000 0.620000  4.600000       -6.780000      79   190.0
         Jaden Springer               UTA  8.492442 22.0 1.348837 0.767442 0.372093 0.558140 0.093023 0.976744 0.860465  2.534884       -0.744186      76   202.0
           Anthony Gill               WAS  7.795588 32.0 1.294118 0.313725 0.196078 0.176471 0.039216 0.588235 0.725490  2.529412       -1.431373      80   230.0
            Colby Jones               WAS 13.196111 23.0 2.230769 1.128205 0.589744 0.666667 0.333333 0.948718 0.846154  4.025641       -2.871795      78   207.0

--- Medianwerte für Cluster ---
MIN_AVG: 15.472828638497653
AGE: 25.0
REB_AVG: 2.782051282051282
AST_AVG: 1.0754985754985755
TOV_AVG: 0.5983870967741935
STL_AVG: 0.4884199134199134
BLK_AVG: 0.2497706842781141
PF_AVG: 1.2567099567099567
PFD_AVG: 0.7951612903225806
PTS_AVG: 5.698028169014084
PLUS_MINUS_AVG: -0.7018250134192163
HEIGHT: 79.0
WEIGHT: 215.0
