Cluster-Profile (Medianwerte mit Height & Weight):
         USG_PCT  PCT_FGM  PCT_FGA  PCT_FG3M  PCT_FG3A  PCT_FTM  PCT_FTA  ...  PCT_TOV  PCT_STL  PCT_BLK  PCT_BLKA  PCT_PF  PCT_PFD  PCT_PTS
cluster                                                                   ...                                                               
0         0.1920   0.1840   0.1960    0.1830     0.200   0.1780    0.182  ...   0.2050    0.224    0.111    0.2250   0.190   0.1830    0.183
1         0.1575   0.1925   0.1620    0.0165     0.039   0.1755    0.202  ...   0.1615    0.167    0.447    0.2025   0.278   0.2070    0.178
2         0.1420   0.1410   0.1500    0.1550     0.163   0.1130    0.120  ...   0.1240    0.201    0.201    0.1380   0.225   0.1360    0.142
3         0.2685   0.2660   0.2695    0.2425     0.248   0.3360    0.325  ...   0.2645    0.193    0.121    0.2815   0.173   0.3045    0.272
4         0.1680   0.1670   0.1870    0.2830     0.281   0.0990    0.095  ...   0.1290    0.167    0.091    0.1210   0.176   0.1080    0.176

[5 rows x 18 columns]
