Cluster 3 - Alle Spieler:

         PLAYER_NAME TEAM_ABBREVIATION  AGE   REB_AVG  AST_AVG  TOV_AVG  STL_AVG  BLK_AVG   PF_AVG  PFD_AVG   PTS_AVG  PLUS_MINUS_AVG  HEIGHT  WEIGHT
           Adem Bona               PHI 22.0  4.224138 0.465517 1.051724 0.448276 1.189655 2.155172 1.551724  5.810345       -1.931034      82   235.0
      Andre Drummond               PHI 31.0  7.750000 0.850000 1.375000 0.975000 0.450000 2.350000 1.725000  7.325000       -6.125000      83   279.0
      Ausar Thompson               DET 22.0  5.135593 2.271186 1.355932 1.661017 0.677966 2.779661 2.203390 10.067797        1.135593      78   205.0
         Ben Simmons               LAC 28.0  4.725490 5.588235 2.000000 0.745098 0.450980 2.098039 1.137255  5.019608       -1.098039      82   240.0
      Brandon Clarke               MEM 28.0  5.093750 1.031250 0.640625 0.812500 0.562500 2.265625 1.234375  8.343750        2.828125      80   215.0
       Chet Holmgren               OKC 23.0  8.031250 1.968750 1.750000 0.718750 2.218750 2.250000 2.968750 14.968750        9.187500      85   208.0
        Clint Capela               ATL 31.0  8.527273 1.127273 0.854545 0.618182 0.963636 1.927273 1.618182  8.872727       -1.436364      82   256.0
      Daniel Gafford               DAL 26.0  6.807018 1.403509 1.157895 0.403509 1.789474 2.666667 2.719298 12.298246        0.614035      82   265.0
      Day'Ron Sharpe               BKN 23.0  6.600000 1.820000 1.260000 0.820000 0.840000 2.260000 1.460000  7.940000        1.280000      81   265.0
      DeAndre Jordan               DEN 36.0  5.071429 0.946429 0.714286 0.285714 0.482143 1.321429 1.214286  3.732143       -0.839286      83   265.0
       Deandre Ayton               POR 26.0 10.150000 1.600000 1.725000 0.775000 0.975000 2.200000 1.475000 14.400000       -4.050000      84   252.0
    Dereck Lively II               DAL 21.0  7.500000 2.361111 1.138889 0.555556 1.555556 2.777778 1.416667  8.722222        3.361111      85   230.0
     Donovan Clingan               POR 21.0  7.865672 1.149254 1.074627 0.507463 1.641791 2.820896 1.462687  6.507463       -0.029851      86   280.0
        Goga Bitadze               ORL 25.0  6.614286 1.957143 1.028571 0.700000 1.400000 2.142857 1.714286  7.171429        1.142857      82   250.0
   Haywood Highsmith               MIA 28.0  3.405405 1.513514 0.729730 0.918919 0.500000 2.216216 0.635135  6.459459        0.824324      77   220.0
      Isaiah Stewart               DET 24.0  5.541667 1.708333 0.944444 0.388889 1.402778 2.541667 1.291667  6.041667        0.125000      80   250.0
    Jaime Jaquez Jr.               MIA 24.0  4.393939 2.515152 1.484848 0.924242 0.212121 1.227273 1.500000  8.636364       -2.303030      78   225.0
        Jake LaRavia               SAC 23.0  3.924242 2.393939 1.303030 0.939394 0.348485 2.000000 1.378788  6.939394        1.909091      79   235.0
         Jalen Smith               CHI 25.0  5.578125 1.015625 0.578125 0.265625 0.687500 1.484375 1.312500  8.187500       -0.562500      81   215.0
        Jaxson Hayes               LAL 25.0  4.803571 1.035714 0.767857 0.553571 0.910714 2.428571 2.000000  6.839286        1.553571      84   220.0
       Jeremy Sochan               SAS 22.0  6.518519 2.370370 1.555556 0.833333 0.500000 2.425926 1.944444 11.425926       -1.629630      80   230.0
      Jonathan Isaac               ORL 27.0  4.422535 0.563380 0.464789 0.859155 1.126761 1.267606 1.112676  5.352113       -0.535211      82   230.0
    Jonathan Kuminga               GSW 22.0  4.617021 2.212766 1.510638 0.808511 0.446809 1.914894 3.085106 15.297872        0.170213      79   225.0
      Jonathan Mogbo               TOR 23.0  4.936508 2.317460 1.111111 0.873016 0.539683 2.158730 1.111111  6.174603       -3.825397      81   225.0
   Justin Champagnie               WAS 24.0  5.661290 0.967742 0.870968 1.048387 0.629032 1.774194 0.854839  8.774194       -4.645161      78   206.0
        Jusuf Nurkić               CHA 30.0  7.803922 2.254902 1.901961 0.784314 0.666667 2.549020 2.490196  8.882353       -3.607843      84   290.0
         Kel'el Ware               MIA 21.0  7.390625 0.937500 0.890625 0.609375 1.109375 1.734375 0.859375  9.296875        0.609375      84   230.0
        Kevon Looney               GSW 29.0  6.078947 1.552632 0.513158 0.605263 0.486842 2.026316 1.105263  4.526316        1.539474      81   222.0
         Luke Kornet               BOS 29.0  5.315068 1.602740 0.424658 0.493151 0.972603 1.630137 1.424658  6.041096        5.493151      85   250.0
       Mark Williams               CHA 23.0 10.159091 2.477273 1.613636 0.727273 1.227273 2.386364 2.909091 15.250000       -6.840909      84   240.0
       Mason Plumlee               PHX 35.0  6.148649 1.810811 0.797297 0.445946 0.635135 2.081081 1.486486  4.500000        0.729730      82   254.0
      Moussa Diabaté               CHA 23.0  6.169014 0.788732 0.859155 0.647887 0.563380 1.535211 1.619718  5.676056       -1.732394      81   210.0
       Neemias Queta               BOS 25.0  3.806452 0.725806 0.645161 0.290323 0.677419 1.709677 0.935484  5.000000        2.500000      84   248.0
       Nick Richards               PHX 27.0  8.175439 0.859649 1.421053 0.245614 0.964912 2.473684 2.070175  9.280702       -4.122807      84   245.0
        Ochai Agbaji               TOR 25.0  3.781250 1.531250 0.843750 0.906250 0.468750 1.953125 0.750000 10.421875       -3.343750      77   215.0
        Oso Ighodaro               PHX 22.0  3.639344 1.163934 0.639344 0.459016 0.475410 1.672131 0.770492  4.180328       -0.344262      84   235.0
       Peyton Watson               DEN 22.0  3.426471 1.382353 0.823529 0.705882 1.367647 1.808824 1.382353  8.102941       -0.382353      79   200.0
    Precious Achiuwa               NYK 25.0  5.561404 0.964912 0.789474 0.824561 0.736842 1.421053 0.894737  6.649123       -0.842105      80   243.0
   Ronald Holland II               DET 19.0  2.691358 1.012346 0.888889 0.604938 0.209877 1.740741 1.382716  6.444444       -0.679012      80   206.0
           Ryan Dunn               PHX 22.0  3.608108 0.770270 0.540541 0.594595 0.540541 2.189189 0.378378  6.905405       -2.283784      80   216.0
        Steven Adams               HOU 31.0  5.637931 1.137931 0.931034 0.379310 0.482759 1.034483 1.775862  3.879310        2.965517      83   265.0
Trayce Jackson-Davis               GSW 25.0  5.016129 1.677419 0.725806 0.370968 0.612903 1.177419 1.209677  6.564516       -0.983871      81   245.0
          Yves Missi               NOP 21.0  8.232877 1.356164 1.123288 0.506849 1.342466 1.986301 2.273973  9.109589       -7.041096      83   235.0
        Zach Collins               CHI 27.0  4.500000 1.734375 0.937500 0.453125 0.453125 2.062500 1.312500  6.359375       -0.453125      83   250.0
           Zach Edey               MEM 23.0  8.303030 0.984848 1.333333 0.545455 1.287879 2.757576 1.787879  9.242424        2.484848      88   305.0
     Zion Williamson               NOP 24.0  7.200000 5.300000 3.000000 1.233333 0.900000 2.733333 5.666667 24.566667       -1.400000      78   284.0