Cluster 2 - Alle Spieler:

       PLAYER_NAME TEAM_ABBREVIATION   MIN_AVG  AGE   REB_AVG  AST_AVG  TOV_AVG  STL_AVG  BLK_AVG   PF_AVG  PFD_AVG   PTS_AVG  PLUS_MINUS_AVG  HEIGHT  WEIGHT
     Dyson Daniels               ATL 33.831184 22.0  5.907895 4.381579 2.039474 3.013158 0.723684 2.302632 1.723684 14.118421       -0.855263      79   199.0
Zaccharie Risacher               ATL 24.578489 20.0  3.573333 1.226667 1.226667 0.693333 0.493333 1.986667 1.413333 12.560000       -1.613333      80   200.0
    Onyeka Okongwu               ATL 27.890901 24.0  8.918919 2.270270 1.216216 0.932432 0.918919 2.608108 2.256757 13.351351        0.540541      82   240.0
      Caris LeVert               ATL 24.939167 30.0  3.171875 3.359375 1.187500 0.890625 0.515625 1.546875 1.703125 12.125000        4.031250      78   205.0
      Clint Capela               ATL 21.389697 31.0  8.527273 1.127273 0.854545 0.618182 0.963636 1.927273 1.618182  8.872727       -1.436364      82   256.0
      Keon Johnson               BKN 24.369641 23.0  3.759494 2.215190 1.468354 1.037975 0.379747 2.645570 1.518987 10.620253       -5.354430      77   185.0
       Nic Claxton               BKN 26.881881 26.0  7.357143 2.242857 1.242857 0.885714 1.428571 2.142857 2.557143 10.342857       -7.100000      83   215.0
   Ziaire Williams               BKN 24.466720 23.0  4.555556 1.333333 1.063492 0.984127 0.444444 2.365079 1.841270 10.031746       -5.238095      81   185.0
  D'Angelo Russell               BKN 25.524454 29.0  2.793103 5.120690 1.862069 0.965517 0.396552 1.982759 2.396552 12.620690        0.000000      75   193.0
   Cameron Johnson               BKN 31.574795 29.0  4.333333 3.403509 1.736842 0.929825 0.438596 1.824561 2.982456 18.771930       -3.508772      80   210.0
    Day'Ron Sharpe               BKN 18.149167 23.0  6.600000 1.820000 1.260000 0.820000 0.840000 2.260000 1.460000  7.940000        1.280000      81   265.0
   Trendon Watford               BKN 20.742652 24.0  3.636364 2.613636 1.886364 0.613636 0.272727 2.159091 2.409091 10.227273       -1.477273      80   237.0
  Payton Pritchard               BOS 28.385938 27.0  3.837500 3.487500 1.037500 0.875000 0.175000 1.475000 1.075000 14.300000        5.375000      73   195.0
     Derrick White               BOS 33.863355 30.0  4.486842 4.750000 1.723684 0.947368 1.052632 1.815789 2.157895 16.421053        7.105263      76   190.0
      Jrue Holiday               BOS 30.581747 35.0  4.274194 3.854839 1.241935 1.064516 0.435484 1.629032 1.209677 11.064516        5.467742      76   205.0
      Jusuf Nurkić               CHA 20.839739 30.0  7.803922 2.254902 1.901961 0.784314 0.666667 2.549020 2.490196  8.882353       -3.607843      84   290.0
     Mark Williams               CHA 26.614659 23.0 10.159091 2.477273 1.613636 0.727273 1.227273 2.386364 2.909091 15.250000       -6.840909      84   240.0
    Nikola Vučević               CHI 31.208904 34.0 10.068493 3.506849 1.630137 0.835616 0.712329 2.232877 2.246575 18.479452       -1.342466      82   260.0
  Patrick Williams               CHI 25.021058 23.0  3.761905 1.968254 1.365079 0.761905 0.507937 1.396825 1.063492  8.984127       -2.888889      79   215.0
     Jarrett Allen               CLE 28.000650 27.0  9.731707 1.926829 1.182927 0.939024 0.890244 1.548780 3.134146 13.451220        6.268293      81   243.0
         Ty Jerome               CLE 19.891429 27.0  2.471429 3.385714 1.314286 1.114286 0.042857 1.457143 1.771429 12.542857        4.314286      77   195.0
   De'Andre Hunter               CLE 27.187734 27.0  4.031250 1.437500 1.281250 0.781250 0.203125 2.421875 3.296875 17.000000        1.375000      80   221.0
 Spencer Dinwiddie               DAL 27.039051 32.0  2.645570 4.417722 1.291139 0.886076 0.215190 1.531646 2.493671 11.037975       -2.810127      77   215.0
     Klay Thompson               DAL 27.285671 35.0  3.416667 2.013889 1.222222 0.694444 0.416667 1.125000 0.708333 13.958333       -1.097222      77   220.0
     Naji Marshall               DAL 27.812802 27.0  4.753623 3.014493 1.623188 1.014493 0.159420 1.579710 1.710145 13.246377       -1.985507      78   220.0
    Daniel Gafford               DAL 21.510439 26.0  6.807018 1.403509 1.157895 0.403509 1.789474 2.666667 2.719298 12.298246        0.614035      82   265.0
   P.J. Washington               DAL 32.190497 26.0  7.754386 2.298246 2.070175 1.105263 1.052632 2.298246 2.771930 14.666667        0.859649      78   230.0
   Christian Braun               DEN 33.865612 24.0  5.189873 2.594937 1.025316 1.075949 0.468354 2.151899 1.810127 15.417722        6.075949      78   220.0
Michael Porter Jr.               DEN 33.678745 27.0  7.012987 2.142857 1.350649 0.649351 0.493506 2.038961 1.792208 18.155844        3.441558      82   218.0
      Aaron Gordon               DEN 28.366993 29.0  4.843137 3.215686 1.431373 0.450980 0.274510 1.607843 2.686275 14.666667        5.901961      80   235.0
     Malik Beasley               DET 27.840813 28.0  2.609756 1.695122 1.012195 0.890244 0.060976 1.524390 1.317073 16.292683        2.134146      76   187.0
       Jalen Duren               DET 26.071132 21.0 10.346154 2.679487 1.743590 0.692308 1.141026 3.217949 2.589744 11.769231        0.461538      82   250.0
   Dennis Schröder               DET 28.063711 31.0  2.640000 5.386667 1.893333 0.880000 0.160000 2.400000 2.813333 13.066667       -0.960000      73   175.0
     Tobias Harris               DET 31.581005 32.0  5.917808 2.219178 1.164384 1.013699 0.780822 1.890411 1.657534 13.726027        2.561644      80   226.0
    Ausar Thompson               DET 22.503644 22.0  5.135593 2.271186 1.355932 1.661017 0.677966 2.779661 2.203390 10.067797        1.135593      78   205.0
       Buddy Hield               GSW 22.719370 32.0  3.219512 1.634146 1.109756 0.841463 0.280488 1.609756 0.560976 11.121951        1.719512      76   220.0
    Draymond Green               GSW 29.166275 35.0  6.088235 5.632353 2.558824 1.455882 1.029412 3.220588 2.588235  9.014706        4.044118      78   230.0
Brandin Podziemski               GSW 26.817943 22.0  5.078125 3.437500 1.171875 1.078125 0.203125 1.484375 1.921875 11.671875        4.078125      76   205.0
  Jimmy Butler III               GSW 31.747909 35.0  5.381818 5.418182 1.345455 1.400000 0.327273 0.945455 5.145455 17.527273        4.472727      79   230.0
     Dillon Brooks               HOU 31.843489 29.0  3.666667 1.706667 1.013333 0.800000 0.213333 3.226667 1.453333 14.040000        2.760000      78   225.0
     Amen Thompson               HOU 32.252391 22.0  8.173913 3.840580 2.000000 1.405797 1.289855 2.420290 2.536232 14.057971        3.884058      79   200.0
     Fred VanVleet               HOU 35.188306 31.0  3.683333 5.550000 1.450000 1.566667 0.416667 2.333333 1.933333 14.066667        4.400000      72   197.0
  Jabari Smith Jr.               HOU 30.097865 22.0  7.000000 1.052632 1.070175 0.438596 0.719298 2.157895 2.105263 12.245614        4.385965      82   220.0
        Tari Eason               HOU 24.915673 24.0  6.350877 1.456140 1.140351 1.701754 0.877193 2.385965 1.333333 12.035088        2.543860      80   215.0
     Pascal Siakam               IND 32.664786 31.0  6.923077 3.371795 1.397436 0.897436 0.538462 2.423077 3.423077 20.230769        4.000000      80   245.0
Bennedict Mathurin               IND 29.851644 23.0  5.319444 1.888889 1.875000 0.652778 0.333333 2.250000 3.402778 16.055556        1.305556      77   210.0
      Myles Turner               IND 30.189398 29.0  6.541667 1.541667 1.708333 0.750000 2.000000 2.541667 2.833333 15.555556        2.805556      83   250.0
   Andrew Nembhard               IND 28.933385 25.0  3.323077 5.015385 1.723077 1.215385 0.169231 2.292308 2.000000 10.046154        3.138462      76   191.0
       Ivica Zubac               LAC 32.802208 28.0 12.625000 2.675000 1.587500 0.687500 1.125000 2.100000 3.025000 16.750000        6.425000      84   240.0
 Bogdan Bogdanović               LAC 24.956636 32.0  2.944444 2.703704 1.370370 0.759259 0.203704 2.351852 1.351852 10.796296        1.962963      77   225.0
       Ben Simmons               LAC 21.954771 28.0  4.725490 5.588235 2.000000 0.745098 0.450980 2.098039 1.137255  5.019608       -1.098039      82   240.0
     Rui Hachimura               LAL 31.675000 27.0  5.000000 1.406780 0.830508 0.762712 0.440678 1.779661 1.440678 13.135593        2.677966      80   230.0
 Scotty Pippen Jr.               MEM 21.302278 24.0  3.278481 4.392405 1.746835 1.303797 0.379747 2.569620 2.354430  9.860759        0.556962      73   170.0
      Cole Anthony               MEM 18.419602 25.0  3.044776 2.850746 1.537313 0.671642 0.477612 2.253731 1.567164  9.402985       -0.238806      74   185.0
         Zach Edey               MEM 21.450985 23.0  8.303030 0.984848 1.333333 0.545455 1.287879 2.757576 1.787879  9.242424        2.484848      88   305.0
      Santi Aldama               MEM 25.533051 24.0  6.400000 2.892308 1.092308 0.800000 0.446154 1.169231 1.276923 12.476923        2.292308      84   215.0
   Davion Mitchell               MIA 27.396126 26.0  2.256757 4.905405 1.729730 0.972973 0.216216 2.500000 1.783784  7.945946       -0.040541      72   202.0
  Jaime Jaquez Jr.               MIA 20.733030 24.0  4.393939 2.515152 1.484848 0.924242 0.212121 1.227273 1.500000  8.636364       -2.303030      78   225.0
       Kel'el Ware               MIA 22.226354 21.0  7.390625 0.937500 0.890625 0.609375 1.109375 1.734375 0.859375  9.296875        0.609375      84   230.0
      Terry Rozier               MIA 25.909688 31.0  3.718750 2.609375 1.218750 0.578125 0.218750 1.140625 1.531250 10.609375       -2.203125      73   190.0
    Andrew Wiggins               MIA 30.704694 30.0  4.483333 2.633333 1.650000 1.000000 0.833333 1.683333 2.900000 17.966667       -1.666667      79   197.0
       Brook Lopez               MIL 31.825875 37.0  5.012500 1.787500 1.050000 0.625000 1.850000 2.137500 1.687500 13.012500        1.675000      85   282.0
  Kevin Porter Jr.               MIL 19.760267 25.0  3.706667 3.413333 1.813333 1.080000 0.173333 1.586667 1.933333 10.280000        0.360000      76   203.0
        Kyle Kuzma               MIL 29.791000 29.0  5.692308 2.338462 2.246154 0.553846 0.292308 1.830769 2.446154 14.830769       -6.446154      81   221.0
   Jaden McDaniels               MIN 31.883049 24.0  5.731707 1.987805 1.158537 1.341463 0.902439 2.743902 1.658537 12.195122        2.097561      81   185.0
          Naz Reid               MIN 27.501458 25.0  6.000000 2.262500 1.350000 0.725000 0.900000 2.362500 1.487500 14.225000        4.250000      81   264.0
       Rudy Gobert               MIN 33.172546 33.0 10.902778 1.763889 1.236111 0.777778 1.444444 2.527778 3.611111 12.027778        4.541667      85   258.0
  Donte DiVincenzo               MIN 25.898925 28.0  3.677419 3.629032 1.596774 1.177419 0.274194 1.838710 1.387097 11.661290        2.806452      76   203.0
        Yves Missi               NOP 26.791644 21.0  8.232877 1.356164 1.123288 0.506849 1.342466 1.986301 2.273973  9.109589       -7.041096      83   235.0
     Jose Alvarado               NOP 24.391071 27.0  2.428571 4.625000 1.535714 1.321429 0.250000 1.625000 1.339286 10.339286       -4.142857      72   179.0
      Kelly Olynyk               NOP 20.249962 34.0  4.681818 2.909091 1.727273 0.750000 0.431818 2.795455 2.181818  8.727273       -1.318182      83   240.0
    Brandon Boston               NOP 23.637619 23.0  3.190476 2.190476 1.238095 1.261905 0.214286 1.738095 1.595238 10.666667       -3.333333      78   188.0
     Mikal Bridges               NYK 37.025325 28.0  3.158537 3.731707 1.609756 0.914634 0.524390 1.548780 1.585366 17.609756        4.073171      78   209.0
         Josh Hart               NYK 37.621169 30.0  9.571429 5.883117 2.051948 1.545455 0.350649 2.610390 2.363636 13.649351        2.636364      76   215.0
        OG Anunoby               NYK 36.564550 27.0  4.837838 2.216216 1.378378 1.486486 0.878378 2.324324 2.364865 18.000000        4.067568      79   240.0
     Aaron Wiggins               OKC 22.946053 26.0  3.881579 1.763158 0.907895 0.789474 0.236842 1.328947 0.894737 12.026316        6.763158      77   190.0
Isaiah Hartenstein               OKC 27.888450 27.0 10.719298 3.842105 1.684211 0.824561 1.087719 3.000000 1.649123 11.175439        7.315789      84   250.0
     Anthony Black               ORL 24.192222 21.0  2.948718 3.076923 1.782051 1.102564 0.615385 2.128205 2.333333  9.435897       -0.512821      79   200.0
Wendell Carter Jr.               ORL 25.856887 26.0  7.235294 1.970588 1.132353 0.764706 0.602941 2.926471 2.602941  9.088235       -0.191176      82   270.0
    Quentin Grimes               PHI 26.841200 25.0  4.320000 3.040000 1.880000 0.986667 0.293333 1.840000 2.320000 14.560000       -3.480000      76   210.0
Guerschon Yabusele               PHI 27.067667 29.0  5.642857 2.114286 1.242857 0.828571 0.342857 2.342857 1.871429 10.971429       -1.685714      80   265.0
   Kelly Oubre Jr.               PHI 34.636500 29.0  6.133333 1.800000 1.333333 1.533333 0.500000 3.000000 2.800000 15.100000       -4.300000      80   203.0
     Grayson Allen               PHX 24.120391 29.0  3.031250 2.140625 1.171875 0.843750 0.296875 1.484375 1.656250 10.625000       -1.234375      76   198.0
     Nick Richards               PHX 22.039006 27.0  8.175439 0.859649 1.421053 0.245614 0.964912 2.473684 2.070175  9.280702       -4.122807      84   245.0
      Bradley Beal               PHX 32.116824 32.0  3.339623 3.679245 1.867925 1.094340 0.528302 2.566038 2.169811 17.018868       -5.150943      76   207.0
    Toumani Camara               POR 32.667329 25.0  5.769231 2.243590 1.397436 1.487179 0.641026 2.948718 2.833333 11.307692       -1.461538      79   229.0
   Scoot Henderson               POR 26.652601 21.0  3.000000 5.075758 2.681818 1.030303 0.196970 2.742424 2.757576 12.681818       -0.575758      75   206.0
 Jonas Valančiūnas               SAC 18.811893 33.0  7.740741 2.024691 1.481481 0.456790 0.567901 2.234568 2.074074 10.407407       -3.753086      83   265.0
     Keegan Murray               SAC 34.344386 24.0  6.671053 1.434211 0.789474 0.802632 0.907895 2.447368 1.039474 12.394737        0.605263      80   225.0
        Chris Paul               SAS 27.953211 40.0  3.609756 7.378049 1.573171 1.256098 0.268293 1.841463 1.036585  8.817073        0.048780      72   175.0
    Stephon Castle               SAS 26.691626 20.0  3.666667 4.098765 2.185185 0.913580 0.271605 2.024691 3.234568 14.691358       -2.950617      78   215.0
    Keldon Johnson               SAS 23.870087 25.0  4.818182 1.623377 1.000000 0.636364 0.285714 1.493506 1.818182 12.714286       -2.818182      77   220.0
     Devin Vassell               SAS 30.987266 24.0  3.984375 2.859375 1.375000 1.312500 0.515625 1.687500 1.531250 16.265625       -4.093750      77   200.0
     Jeremy Sochan               SAS 25.258673 22.0  6.518519 2.370370 1.555556 0.833333 0.500000 2.425926 1.944444 11.425926       -1.629630      80   230.0
      Jakob Poeltl               TOR 29.574532 29.0  9.596491 2.771930 1.947368 1.157895 1.245614 3.087719 2.280702 14.456140       -0.649123      84   260.0
       Gradey Dick               TOR 29.395802 21.0  3.574074 1.814815 1.537037 0.888889 0.185185 2.222222 2.351852 14.388889       -3.888889      78   200.0
   Kyle Filipowski               UTA 21.132500 21.0  6.111111 1.944444 1.416667 0.666667 0.305556 2.375000 1.736111  9.583333       -5.083333      83   250.0
  Brice Sensabaugh               UTA 20.167911 21.0  2.957746 1.549296 1.507042 0.647887 0.112676 1.563380 0.760563 10.873239       -4.014085      77   235.0
    Isaiah Collier               UTA 25.902911 20.0  3.309859 6.281690 2.929577 0.929577 0.225352 2.098592 1.901408  8.661972       -5.676056      75   210.0
    Walker Kessler               UTA 30.005517 23.0 12.189655 1.672414 1.482759 0.620690 2.379310 2.241379 2.224138 11.051724       -5.672414      84   245.0
   Lauri Markkanen               UTA 31.400922 28.0  5.914894 1.489362 1.404255 0.702128 0.361702 1.680851 3.382979 18.978723       -3.957447      84   240.0
    Bub Carrington               WAS 29.973049 19.0  4.158537 4.439024 1.719512 0.658537 0.256098 2.317073 1.353659  9.841463       -9.731707      76   190.0
    Kyshawn George               WAS 26.502696 21.0  4.191176 2.485294 1.426471 1.000000 0.735294 2.955882 1.367647  8.676471       -5.308824      80   200.0
         Alex Sarr               WAS 27.078035 20.0  6.492537 2.402985 1.701493 0.656716 1.507463 2.179104 1.835821 12.970149       -8.149254      84   205.0
   Bilal Coulibaly               WAS 33.008588 20.0  4.983051 3.372881 2.118644 1.322034 0.694915 2.355932 2.423729 12.322034       -9.949153      80   195.0
   Khris Middleton               WAS 22.788694 33.0  3.702703 4.054054 1.513514 0.945946 0.216216 2.027027 1.864865 11.891892        1.054054      79   222.0

--- Medianwerte für Cluster ---
MIN_AVG: 27.132884600435325
AGE: 26.5
REB_AVG: 4.840487546369899
AST_AVG: 2.481283422459893
TOV_AVG: 1.4237616099071206
STL_AVG: 0.8858951175406871
BLK_AVG: 0.4729831853391271
PF_AVG: 2.169097693351425
PFD_AVG: 1.9276041666666666
PTS_AVG: 12.220367993153616
PLUS_MINUS_AVG: -0.02027027027027025
HEIGHT: 79.0
WEIGHT: 219.0
