Cluster 0 - Alle Spieler:

 USG_PCT  PCT_FGM  PCT_FGA  PCT_FG3M  PCT_FG3A  PCT_FTM  PCT_FTA  PCT_OREB  PCT_DREB  PCT_REB  PCT_AST  PCT_TOV  PCT_STL  PCT_BLK  PCT_BLKA  PCT_PF  PCT_PFD  PCT_PTS
   0.173    0.161    0.181     0.142     0.172    0.151    0.134     0.059     0.118    0.104    0.241    0.190    0.132    0.049     0.257   0.222    0.117    0.157
   0.186    0.187    0.186     0.203     0.181    0.254    0.244     0.242     0.164    0.183    0.169    0.166    0.096    0.121     0.264   0.166    0.222    0.199
   0.159    0.178    0.162     0.148     0.131    0.142    0.139     0.142     0.118    0.124    0.210    0.200    0.175    0.074     0.149   0.268    0.237    0.170
   0.163    0.145    0.156     0.097     0.124    0.164    0.166     0.107     0.141    0.134    0.278    0.233    0.231    0.052     0.184   0.215    0.178    0.143
   0.241    0.255    0.262     0.333     0.316    0.226    0.193     0.041     0.108    0.089    0.309    0.203    0.161    0.020     0.253   0.132    0.159    0.260
   0.190    0.180    0.186     0.148     0.144    0.200    0.201     0.121     0.151    0.143    0.271    0.247    0.239    0.196     0.280   0.215    0.216    0.180
   0.193    0.200    0.225     0.000     0.067    0.000    0.000     0.333     0.182    0.214    0.154    0.200    0.333    0.000     1.000   0.250    0.000    0.151
   0.163    0.182    0.171     0.135     0.152    0.134    0.140     0.099     0.134    0.127    0.245    0.161    0.218    0.142     0.227   0.190    0.128    0.169
   0.175    0.166    0.172     0.116     0.139    0.212    0.220     0.225     0.151    0.168    0.195    0.191    0.240    0.186     0.229   0.169    0.189    0.166
   0.165    0.138    0.151     0.085     0.108    0.177    0.205     0.110     0.095    0.099    0.278    0.241    0.316    0.092     0.191   0.199    0.223    0.136
   0.219    0.239    0.234     0.218     0.210    0.192    0.192     0.123     0.124    0.124    0.204    0.190    0.216    0.158     0.181   0.206    0.181    0.230
   0.177    0.198    0.195     0.209     0.198    0.112    0.114     0.147     0.224    0.203    0.219    0.165    0.195    0.080     0.149   0.150    0.174    0.186
   0.199    0.201    0.206     0.183     0.189    0.209    0.206     0.113     0.173    0.156    0.182    0.174    0.252    0.099     0.226   0.188    0.183    0.200
   0.199    0.154    0.210     0.209     0.244    0.256    0.250     0.087     0.119    0.110    0.253    0.194    0.310    0.214     0.227   0.188    0.208    0.173
   0.169    0.171    0.182     0.140     0.138    0.175    0.161     0.175     0.205    0.196    0.165    0.139    0.219    0.116     0.227   0.182    0.144    0.168
   0.192    0.163    0.238     0.143     0.333    0.087    0.154     0.158     0.214    0.197    0.250    0.083    0.385    0.143     0.125   0.129    0.143    0.146
   0.231    0.248    0.253     0.273     0.289    0.194    0.193     0.134     0.213    0.186    0.130    0.169    0.197    0.169     0.323   0.130    0.146    0.243
   0.191    0.188    0.200     0.205     0.213    0.171    0.188     0.120     0.148    0.142    0.214    0.176    0.210    0.217     0.209   0.162    0.171    0.187
   0.137    0.123    0.136     0.196     0.187    0.113    0.098     0.070     0.167    0.144    0.429    0.206    0.268    0.083     0.049   0.199    0.105    0.131
   0.238    0.233    0.243     0.266     0.241    0.205    0.185     0.152     0.197    0.185    0.323    0.303    0.217    0.193     0.126   0.270    0.200    0.232
   0.170    0.170    0.187     0.265     0.243    0.128    0.124     0.177     0.196    0.190    0.293    0.126    0.304    0.156     0.256   0.190    0.155    0.177
   0.155    0.162    0.152     0.164     0.126    0.146    0.150     0.158     0.128    0.135    0.259    0.210    0.250    0.319     0.370   0.138    0.129    0.160
   0.228    0.202    0.236     0.295     0.315    0.219    0.203     0.060     0.145    0.124    0.362    0.249    0.215    0.140     0.098   0.215    0.226    0.215
   0.122    0.032    0.115     0.000     0.231    0.050    0.043     0.000     0.143    0.108    0.136    0.250    0.222    0.000     0.500   0.067    0.063    0.035
   0.176    0.000    0.053     0.000     0.200    0.250    0.167     0.000     0.444    0.333    0.333    0.500    0.000    0.000     0.000   0.333    0.125    0.031
   0.237    0.208    0.243     0.241     0.251    0.230    0.235     0.098     0.146    0.131    0.280    0.238    0.244    0.234     0.246   0.131    0.209    0.215
   0.186    0.150    0.192     0.143     0.207    0.107    0.095     0.130     0.157    0.148    0.316    0.237    0.278    0.071     0.209   0.167    0.145    0.142
   0.193    0.201    0.196     0.237     0.204    0.183    0.193     0.056     0.122    0.106    0.287    0.218    0.207    0.068     0.333   0.291    0.242    0.203
   0.135    0.127    0.129     0.172     0.151    0.092    0.102     0.078     0.096    0.092    0.315    0.217    0.204    0.084     0.116   0.238    0.187    0.127
   0.263    0.228    0.258     0.205     0.233    0.252    0.239     0.069     0.288    0.227    0.433    0.352    0.288    0.101     0.190   0.151    0.211    0.230
   0.211    0.193    0.215     0.201     0.217    0.227    0.211     0.058     0.125    0.108    0.353    0.234    0.210    0.056     0.238   0.192    0.232    0.199
   0.195    0.189    0.201     0.272     0.267    0.162    0.156     0.121     0.149    0.142    0.246    0.212    0.203    0.261     0.132   0.165    0.171    0.199
   0.227    0.239    0.236     0.256     0.245    0.219    0.192     0.106     0.228    0.195    0.289    0.242    0.205    0.114     0.285   0.166    0.151    0.238
   0.169    0.137    0.170     0.171     0.206    0.172    0.227     0.170     0.215    0.202    0.195    0.176    0.304    0.129     0.143   0.252    0.266    0.147
   0.151    0.096    0.130     0.009     0.017    0.031    0.038     0.139     0.177    0.168    0.544    0.376    0.273    0.186     0.217   0.190    0.072    0.079
   0.219    0.177    0.225     0.267     0.277    0.197    0.211     0.205     0.215    0.212    0.112    0.225    0.179    0.086     0.306   0.149    0.208    0.190
   0.129    0.090    0.136     0.102     0.164    0.149    0.125     0.125     0.139    0.134    0.225    0.118    0.304    0.105     0.160   0.250    0.188    0.100
   0.186    0.152    0.165     0.081     0.113    0.161    0.180     0.077     0.161    0.140    0.461    0.323    0.250    0.096     0.225   0.200    0.190    0.145
   0.220    0.215    0.230     0.241     0.184    0.223    0.239     0.222     0.102    0.133    0.233    0.200    0.196    0.000     0.448   0.196    0.233    0.219
   0.228    0.203    0.218     0.167     0.196    0.208    0.241     0.063     0.212    0.155    0.342    0.310    0.250    0.077     0.000   0.077    0.200    0.199
   0.179    0.171    0.190     0.226     0.233    0.178    0.174     0.201     0.142    0.160    0.127    0.148    0.218    0.097     0.298   0.192    0.173    0.178
   0.244    0.234    0.255     0.344     0.324    0.173    0.183     0.049     0.130    0.111    0.185    0.278    0.181    0.062     0.273   0.249    0.178    0.236
   0.092    0.133    0.094     0.143     0.087    0.200    0.143     0.200     0.087    0.107    0.429    0.111    0.000    0.000     0.500   0.182    0.100    0.143
   0.194    0.189    0.187     0.103     0.114    0.243    0.257     0.302     0.215    0.235    0.226    0.241    0.279    0.124     0.370   0.193    0.208    0.186
   0.164    0.142    0.167     0.167     0.174    0.161    0.145     0.040     0.123    0.100    0.262    0.196    0.104    0.219     0.143   0.227    0.147    0.148
   0.214    0.233    0.222     0.135     0.154    0.172    0.179     0.193     0.325    0.290    0.225    0.238    0.208    0.231     0.239   0.139    0.175    0.213
   0.000    0.000    0.000     0.000     0.000    0.000    0.000     0.000     0.000    0.000    1.000    0.000    1.000    0.000     0.000   0.000    0.000    0.000
   0.235    0.227    0.246     0.247     0.249    0.249    0.223     0.081     0.127    0.115    0.260    0.216    0.238    0.144     0.183   0.156    0.227    0.232
   0.179    0.165    0.182     0.194     0.210    0.116    0.110     0.077     0.091    0.087    0.367    0.254    0.224    0.078     0.165   0.237    0.178    0.162
   0.163    0.113    0.117     0.043     0.098    0.160    0.176     0.111     0.100    0.102    0.303    0.364    0.571    0.250     0.200   0.087    0.231    0.110
   0.222    0.226    0.229     0.230     0.213    0.205    0.188     0.108     0.120    0.117    0.403    0.263    0.222    0.101     0.288   0.229    0.190    0.223
   0.183    0.205    0.190     0.182     0.217    0.224    0.202     0.163     0.168    0.166    0.119    0.134    0.233    0.111     0.158   0.235    0.158    0.206
   0.159    0.150    0.149     0.240     0.181    0.235    0.211     0.107     0.041    0.059    0.218    0.182    0.188    0.125     0.143   0.204    0.193    0.178
   0.195    0.188    0.223     0.250     0.250    0.080    0.111     0.071     0.095    0.089    0.200    0.294    0.222    0.100     0.500   0.346    0.087    0.175
   0.176    0.220    0.201     0.181     0.145    0.153    0.153     0.076     0.128    0.112    0.292    0.088    0.233    0.185     0.207   0.124    0.159    0.205
   0.192    0.173    0.202     0.268     0.251    0.258    0.237     0.065     0.136    0.116    0.139    0.132    0.161    0.231     0.225   0.173    0.201    0.198
   0.000    0.000    0.000     0.000     0.000    0.000    0.000     0.000     0.000    0.000    1.000    0.000    0.000    0.000     0.000   0.667    0.500    0.000
   0.134    0.112    0.133     0.183     0.181    0.152    0.143     0.098     0.115    0.112    0.282    0.163    0.281    0.038     0.148   0.164    0.181    0.128
   0.175    0.174    0.177     0.077     0.123    0.207    0.205     0.225     0.125    0.151    0.189    0.178    0.185    0.122     0.235   0.168    0.197    0.168
   0.193    0.180    0.207     0.314     0.306    0.128    0.118     0.082     0.120    0.110    0.345    0.205    0.322    0.093     0.160   0.173    0.142    0.188
   0.235    0.167    0.248     0.200     0.314    0.160    0.167     0.000     0.158    0.136    0.205    0.333    0.313    0.300     0.143   0.105    0.143    0.168
   0.214    0.192    0.199     0.156     0.156    0.263    0.267     0.286     0.281    0.282    0.378    0.306    0.253    0.222     0.281   0.167    0.253    0.196
   0.185    0.189    0.185     0.211     0.198    0.255    0.269     0.257     0.165    0.192    0.105    0.170    0.421    0.250     0.323   0.200    0.262    0.203
   0.188    0.163    0.196     0.171     0.214    0.145    0.138     0.184     0.122    0.139    0.287    0.198    0.264    0.086     0.209   0.186    0.233    0.161
   0.207    0.237    0.222     0.177     0.191    0.220    0.225     0.243     0.217    0.225    0.120    0.144    0.144    0.107     0.191   0.165    0.204    0.227
   0.185    0.173    0.165     0.159     0.136    0.275    0.267     0.278     0.241    0.251    0.247    0.259    0.206    0.247     0.140   0.333    0.278    0.187
   0.212    0.204    0.227     0.236     0.256    0.175    0.176     0.156     0.189    0.181    0.173    0.188    0.261    0.171     0.315   0.250    0.163    0.204
   0.248    0.240    0.252     0.152     0.177    0.224    0.229     0.158     0.220    0.207    0.368    0.298    0.298    0.089     0.353   0.205    0.254    0.228
   0.208    0.211    0.214     0.192     0.202    0.211    0.186     0.082     0.197    0.174    0.318    0.238    0.235    0.100     0.176   0.223    0.193    0.209
   0.145    0.137    0.142     0.178     0.154    0.145    0.143     0.109     0.141    0.130    0.320    0.180    0.108    0.148     0.048   0.169    0.156    0.144
   0.233    0.230    0.239     0.188     0.211    0.191    0.230     0.150     0.229    0.213    0.153    0.243    0.124    0.118     0.201   0.166    0.217    0.219
   0.210    0.187    0.214     0.170     0.233    0.140    0.164     0.100     0.309    0.253    0.085    0.286    0.139    0.167     0.533   0.254    0.143    0.179
   0.196    0.143    0.178     0.125     0.143    0.263    0.273     0.300     0.138    0.179    0.280    0.308    0.750    0.000     0.000   0.267    0.313    0.165
   0.233    0.241    0.247     0.291     0.258    0.200    0.180     0.080     0.141    0.128    0.153    0.230    0.177    0.038     0.317   0.199    0.140    0.241
   0.102    0.000    0.061     0.000     0.059    0.333    0.400     0.250     0.154    0.176    0.200    0.143    0.000    0.000     0.250   0.400    0.250    0.074
   0.236    0.219    0.241     0.262     0.287    0.196    0.188     0.060     0.154    0.129    0.310    0.277    0.186    0.204     0.276   0.194    0.186    0.220
   0.193    0.177    0.199     0.231     0.167    0.188    0.182     0.083     0.096    0.094    0.333    0.200    0.273    0.143     0.250   0.323    0.107    0.183
   0.187    0.198    0.195     0.228     0.219    0.167    0.153     0.091     0.095    0.094    0.299    0.217    0.233    0.044     0.186   0.207    0.178    0.198
   0.198    0.170    0.198     0.258     0.256    0.185    0.186     0.108     0.112    0.111    0.285    0.258    0.283    0.110     0.134   0.161    0.218    0.183
   0.196    0.177    0.208     0.078     0.068    0.022    0.020     0.176     0.115    0.128    0.293    0.242    0.323    0.167     0.200   0.176    0.065    0.148
   0.141    0.125    0.147     0.229     0.215    0.135    0.121     0.081     0.124    0.113    0.323    0.145    0.264    0.076     0.112   0.171    0.144    0.140
   0.173    0.176    0.193     0.204     0.201    0.154    0.145     0.098     0.145    0.133    0.244    0.127    0.217    0.041     0.241   0.114    0.130    0.175
   0.197    0.219    0.207     0.133     0.170    0.174    0.165     0.205     0.195    0.197    0.209    0.200    0.224    0.057     0.191   0.164    0.154    0.203
   0.178    0.186    0.184     0.241     0.229    0.169    0.162     0.118     0.193    0.177    0.216    0.188    0.217    0.151     0.108   0.218    0.180    0.190
   0.195    0.201    0.206     0.242     0.244    0.198    0.196     0.159     0.147    0.150    0.105    0.142    0.243    0.281     0.325   0.189    0.163    0.205
   0.198    0.184    0.196     0.181     0.181    0.213    0.226     0.196     0.276    0.257    0.130    0.216    0.212    0.247     0.281   0.180    0.221    0.188
   0.204    0.190    0.216     0.076     0.111    0.169    0.140     0.224     0.199    0.206    0.314    0.240    0.230    0.125     0.333   0.192    0.216    0.174
   0.233    0.230    0.241     0.266     0.265    0.160    0.161     0.093     0.232    0.199    0.282    0.270    0.256    0.189     0.147   0.197    0.214    0.223
   0.221    0.088    0.239     0.000     0.222    0.100    0.091     0.167     0.171    0.170    0.095    0.333    0.200    0.286     0.500   0.143    0.077    0.081
   0.218    0.225    0.223     0.297     0.274    0.213    0.216     0.129     0.203    0.184    0.227    0.242    0.228    0.099     0.155   0.176    0.217    0.231
   0.167    0.174    0.173     0.163     0.143    0.200    0.200     0.161     0.119    0.129    0.244    0.143    0.288    0.109     0.302   0.264    0.251    0.177
   0.122    0.102    0.126     0.062     0.105    0.103    0.106     0.108     0.094    0.098    0.270    0.141    0.371    0.059     0.157   0.173    0.156    0.097
   0.196    0.173    0.205     0.178     0.222    0.244    0.236     0.190     0.209    0.204    0.163    0.159    0.151    0.100     0.203   0.140    0.230    0.186
   0.215    0.212    0.221     0.167     0.186    0.039    0.060     0.097     0.116    0.110    0.363    0.366    0.253    0.020     0.143   0.180    0.130    0.178
   0.177    0.186    0.180     0.103     0.154    0.205    0.212     0.136     0.212    0.192    0.123    0.183    0.226    0.131     0.193   0.243    0.222    0.179
   0.230    0.191    0.215     0.195     0.225    0.190    0.214     0.209     0.182    0.189    0.338    0.364    0.289    0.164     0.236   0.232    0.197    0.191
   0.179    0.180    0.186     0.209     0.200    0.133    0.117     0.157     0.147    0.149    0.226    0.221    0.326    0.200     0.323   0.277    0.159    0.177
   0.220    0.190    0.208     0.221     0.221    0.236    0.240     0.101     0.131    0.122    0.372    0.293    0.217    0.072     0.220   0.245    0.256    0.201
   0.188    0.188    0.184     0.181     0.161    0.202    0.215     0.151     0.163    0.160    0.347    0.249    0.299    0.149     0.232   0.269    0.262    0.190
   0.162    0.172    0.170     0.155     0.159    0.193    0.183     0.163     0.132    0.140    0.233    0.147    0.188    0.052     0.164   0.183    0.216    0.172
   0.156    0.146    0.152     0.120     0.160    0.125    0.220     0.267     0.141    0.172    0.238    0.208    0.111    0.059     0.417   0.250    0.200    0.141
   0.175    0.157    0.178     0.206     0.218    0.239    0.234     0.046     0.131    0.113    0.317    0.161    0.216    0.077     0.126   0.156    0.238    0.175
   0.226    0.249    0.240     0.043     0.051    0.124    0.131     0.171     0.160    0.162    0.416    0.263    0.332    0.138     0.328   0.140    0.181    0.211
   0.208    0.207    0.212     0.183     0.196    0.258    0.276     0.127     0.143    0.140    0.201    0.185    0.184    0.122     0.274   0.207    0.244    0.212
   0.224    0.200    0.238     0.333     0.167    0.250    0.333     0.444     0.267    0.333    0.200    0.200    0.667    0.000     0.250   0.000    0.125    0.222
   0.166    0.192    0.184     0.118     0.110    0.134    0.134     0.130     0.159    0.152    0.153    0.142    0.130    0.179     0.486   0.203    0.120    0.174
   0.195    0.184    0.210     0.200     0.237    0.169    0.155     0.126     0.164    0.155    0.195    0.174    0.130    0.109     0.207   0.130    0.166    0.184
   0.183    0.184    0.184     0.148     0.149    0.252    0.254     0.172     0.199    0.191    0.167    0.181    0.209    0.179     0.304   0.197    0.226    0.190
   0.136    0.161    0.138     0.073     0.064    0.165    0.163     0.151     0.136    0.140    0.347    0.141    0.259    0.090     0.180   0.163    0.193    0.151
   0.250    0.282    0.276     0.245     0.216    0.178    0.152     0.140     0.123    0.128    0.281    0.243    0.163    0.125     0.361   0.169    0.165    0.261
   0.176    0.172    0.195     0.216     0.225    0.122    0.106     0.268     0.107    0.151    0.184    0.151    0.408    0.179     0.275   0.201    0.099    0.169
   0.185    0.083    0.205     0.000     0.231    0.125    0.091     0.200     0.222    0.211    0.250    0.333    0.200    0.000     0.333   0.571    0.167    0.086
   0.229    0.245    0.235     0.249     0.214    0.253    0.223     0.152     0.128    0.134    0.298    0.253    0.311    0.026     0.214   0.188    0.219    0.246
   0.152    0.110    0.153     0.157     0.197    0.165    0.175     0.133     0.086    0.096    0.422    0.186    0.300    0.167     0.103   0.248    0.216    0.123
   0.210    0.214    0.221     0.290     0.286    0.217    0.202     0.094     0.132    0.124    0.438    0.196    0.264    0.168     0.111   0.102    0.184    0.224
   0.199    0.160    0.193     0.226     0.214    0.140    0.133     0.099     0.129    0.121    0.333    0.302    0.127    0.000     0.267   0.147    0.171    0.166
   0.203    0.208    0.219     0.236     0.246    0.191    0.201     0.183     0.147    0.157    0.078    0.148    0.131    0.189     0.261   0.204    0.167    0.209

--- Medianwerte ---
USG_PCT: 0.192
PCT_FGM: 0.184
PCT_FGA: 0.196
PCT_FG3M: 0.183
PCT_FG3A: 0.2
PCT_FTM: 0.178
PCT_FTA: 0.182
PCT_OREB: 0.127
PCT_DREB: 0.146
PCT_REB: 0.142
PCT_AST: 0.253
PCT_TOV: 0.205
PCT_STL: 0.224
PCT_BLK: 0.111
PCT_BLKA: 0.225
PCT_PF: 0.19
PCT_PFD: 0.183
PCT_PTS: 0.183
